date,n_orders,total_revenue_usd,avg_order_value_usd,avg_discount_pct,n_unique_customers,n_returns,return_rate,total_spend_usd,total_impressions,total_clicks,total_conversions_marketing,total_attributed_revenue_usd,avg_roas,sessions,unique_visitors,bounce_rate,pages_per_session,avg_session_duration_sec,conversion_rate,conversions_web,total_stock_on_hand,total_units_sold,n_stockouts,n_reorders,economic_index,marketing_pressure,consumer_sentiment,seasonal_index,inventory_health,anomaly_flag,anomaly_event,anomaly_kpi
2024-01-01,194,10670.0,55.0,0.07,153,15,0.0773,12149.64,2223769,84269,2479,486130.85,40.012,7706,6486,0.411,3.19,162.9,0.025,192,50000,326,0,1,0.0,0.0,0.0,-0.14668,0.0,0,,
2024-01-02,197,11219.0,56.95,0.07,158,15,0.0761,12623.89,2158313,52190,6109,1117332.31,88.509,7759,6552,0.411,3.39,189.3,0.0246,190,50045,275,0,2,0.06497,-0.02917,0.05366,-0.14612,0.00303,0,,
2024-01-03,195,10950.54,56.16,0.07,140,15,0.0769,11628.2,1864903,51258,5293,804760.51,69.208,7739,5958,0.402,3.29,183.5,0.0245,189,50490,307,0,1,0.03855,-0.03019,0.06407,-0.14551,0.03267,0,,
2024-01-04,184,10209.82,55.49,0.07,146,14,0.0761,12705.53,2091582,86234,5682,744334.0,58.583,7723,5733,0.474,2.95,199.9,0.0223,172,49534,356,0,0,0.01627,-0.17671,0.06376,-0.14486,-0.03101,0,,
2024-01-05,189,10241.14,54.19,0.07,134,15,0.0794,11597.88,1496398,66045,2865,141325.98,12.186,7689,5882,0.426,3.39,170.6,0.0243,186,50214,419,0,0,-0.02714,-0.04422,0.00467,-0.14417,0.01433,0,,
2024-01-06,185,10221.03,55.25,0.07,115,14,0.0757,12847.0,1739808,28621,2006,129126.09,10.051,7719,6417,0.448,3.17,171.8,0.0225,173,49812,373,0,4,0.00829,-0.16534,-0.00389,-0.14344,-0.01249,0,,
2024-01-07,175,9183.92,52.48,0.07,147,14,0.08,12985.73,2155979,60312,2848,157843.43,12.155,7647,6610,0.456,2.64,186.2,0.0219,167,48409,341,0,5,-0.08402,-0.20773,-0.01433,-0.14266,-0.10606,0,,
2024-01-08,184,10055.4,54.65,0.07,129,14,0.0761,11172.37,1556075,36092,1243,70284.78,6.291,7706,6272,0.408,2.92,171.9,0.0227,174,48017,303,0,3,-0.0117,-0.15175,-0.0161,-0.14184,-0.1322,0,,
2024-01-09,177,9513.04,53.75,0.07,127,14,0.0791,12277.14,2363830,77697,5232,432770.67,35.25,7684,5940,0.419,3.0,175.9,0.0216,165,48793,402,0,2,-0.0418,-0.22375,-0.0341,-0.14098,-0.08042,0,,
2024-01-10,175,9479.13,54.17,0.07,117,14,0.08,12692.18,2122631,86488,2661,496441.2,39.114,7697,5825,0.405,2.97,221.7,0.0209,160,49237,398,0,3,-0.02778,-0.27543,-0.03371,-0.14008,-0.05084,0,,
2024-01-11,172,9269.46,53.89,0.07,105,14,0.0814,12140.34,2416960,110375,10470,1911055.58,157.414,7692,6637,0.444,3.57,183.3,0.0203,156,48296,354,0,3,-0.03693,-0.31152,-0.04634,-0.13913,-0.11358,0,,
2024-01-12,181,10078.08,55.68,0.07,114,15,0.0829,13114.54,1290393,22156,1771,318655.9,24.298,7741,5816,0.405,3.4,172.8,0.0214,165,49057,335,0,1,0.02267,-0.24176,-0.08344,-0.13815,-0.06283,0,,
2024-01-13,186,9892.86,53.19,0.07,143,15,0.0806,11369.71,1600395,60447,4721,339742.54,29.881,7677,6515,0.45,2.77,178.8,0.0241,185,49091,253,0,5,-0.06042,-0.05713,-0.05273,-0.13712,-0.06057,0,,
2024-01-14,185,9778.16,52.85,0.07,136,14,0.0757,12629.58,1170859,18281,1131,220089.33,17.426,7670,6253,0.397,3.08,148.6,0.0243,186,49583,410,0,3,-0.0715,-0.04851,-0.02366,-0.13605,-0.0278,0,,
2024-01-15,180,9442.51,52.46,0.07,131,14,0.0778,12560.8,2312803,78922,4834,482768.91,38.435,7662,6038,0.423,2.63,148.1,0.0232,177,49932,273,0,1,-0.08472,-0.12191,0.02881,-0.13494,-0.00453,0,,
2024-01-16,187,10078.39,53.9,0.07,119,14,0.0749,13098.67,1535690,24194,2712,180307.53,13.765,7702,5896,0.42,2.77,174.1,0.0239,184,48899,237,0,4,-0.03683,-0.07199,0.02887,-0.1338,-0.07339,0,,
2024-01-17,181,9522.13,52.61,0.07,148,14,0.0773,13163.78,1121777,19361,845,67517.2,5.129,7671,6224,0.437,2.93,155.4,0.0234,179,49347,413,0,6,-0.07972,-0.10652,0.01529,-0.13261,-0.04353,0,,
2024-01-18,182,9550.13,52.47,0.07,138,14,0.0769,12986.33,1248587,39258,2803,496723.96,38.25,7669,6089,0.418,3.21,183.4,0.0235,180,48879,251,0,2,-0.08422,-0.09721,-0.00184,-0.13138,-0.07472,0,,
2024-01-19,185,9526.69,51.5,0.07,128,15,0.0811,12756.93,1475022,70733,7896,923403.0,72.384,7646,5906,0.433,3.66,185.3,0.0249,190,50406,415,0,4,-0.11681,-0.00524,-0.04814,-0.13012,0.02707,0,,
2024-01-20,182,9400.56,51.65,0.07,137,14,0.0769,11303.94,1888728,25270,2870,177897.72,15.738,7653,6684,0.407,3.6,189.4,0.0241,184,51008,406,0,3,-0.11162,-0.05706,-0.01626,-0.12881,0.06722,0,,
2024-01-21,185,9703.48,52.45,0.07,132,15,0.0811,12355.67,2121107,89022,6161,837495.23,67.782,7677,6671,0.44,2.68,207.0,0.0242,185,50928,380,0,4,-0.08496,-0.05073,-0.04848,-0.12747,0.06192,0,,
2024-01-22,178,9114.84,51.21,0.07,113,14,0.0787,11433.55,2199075,60510,3529,553169.74,48.381,7646,6181,0.401,3.2,193.1,0.0234,178,49932,300,0,3,-0.12643,-0.10712,-0.08161,-0.12609,-0.00449,0,,
2024-01-23,182,9590.39,52.69,0.07,140,15,0.0824,11100.26,1493186,64230,3181,360622.63,32.488,7689,6080,0.439,3.32,183.2,0.0234,179,49989,244,0,3,-0.07685,-0.10736,-0.0837,-0.12468,-0.00068,0,,
2024-01-24,187,10069.11,53.85,0.07,154,15,0.0802,11141.34,1213284,19073,1862,133529.0,11.985,7722,6684,0.44,3.1,176.5,0.0238,183,50134,236,0,1,-0.03848,-0.07866,-0.03493,-0.12322,0.00899,0,,
2024-01-25,185,10079.38,54.48,0.07,148,14,0.0757,13352.38,2305328,87429,9074,421253.26,31.549,7742,5824,0.468,3.22,162.7,0.0229,177,49030,259,0,3,-0.01723,-0.14001,-0.02608,-0.12173,-0.06462,0,,
2024-01-26,187,10393.4,55.58,0.07,141,15,0.0802,11174.18,2079486,79817,2978,162823.22,14.571,7775,5826,0.395,3.01,189.1,0.0228,177,51147,379,0,6,0.01932,-0.14973,-0.05549,-0.1202,0.07653,0,,
2024-01-27,185,10127.23,54.74,0.07,134,15,0.0811,12063.92,1651553,24391,814,68776.56,5.701,7755,5961,0.402,3.3,179.2,0.0227,176,51365,321,0,2,-0.00861,-0.15129,-0.0741,-0.11864,0.09101,0,,
2024-01-28,183,9992.18,54.6,0.07,128,15,0.082,12236.37,1310162,43102,3300,502657.15,41.079,7755,6387,0.435,3.38,172.8,0.0223,172,52724,350,0,7,-0.01326,-0.1808,-0.05164,-0.11704,0.18163,0,,
2024-01-29,176,9414.43,53.49,0.07,142,14,0.0795,12285.59,1153651,14861,1548,75683.06,6.16,7728,5911,0.446,3.08,197.2,0.0213,164,51395,381,0,3,-0.0503,-0.24585,-0.05387,-0.11541,0.09306,0,,
2024-01-30,171,9099.75,53.21,0.07,128,14,0.0819,11364.39,1406801,68000,8129,1329390.51,116.979,7724,5945,0.45,2.7,172.3,0.0202,156,52700,347,0,2,-0.0595,-0.32075,-0.07425,-0.11375,0.18004,0,,
2024-01-31,174,9379.45,53.9,0.07,111,14,0.0805,13127.31,2608343,84089,8737,1733870.46,132.081,7746,5752,0.477,3.05,208.0,0.0205,158,51151,379,0,2,-0.0365,-0.29942,-0.07743,-0.11205,0.07678,0,,
2024-02-01,173,9187.64,53.11,0.07,113,14,0.0809,11788.47,1636519,54754,3796,202928.29,17.214,7728,5865,0.41,3.24,174.5,0.0207,159,50427,358,0,4,-0.06308,-0.28831,-0.05121,-0.11031,0.02849,0,,
2024-02-02,183,9641.98,52.69,0.07,144,14,0.0765,13165.96,1850804,85844,6756,1189352.51,90.335,7721,5979,0.399,3.14,184.4,0.0235,181,50864,369,0,1,-0.07705,-0.10328,0.01063,-0.10855,0.05762,0,,
2024-02-03,171,8880.57,51.93,0.07,142,13,0.076,12172.59,1423027,48296,1001,84568.02,6.947,7704,6413,0.439,2.71,203.7,0.021,161,50803,311,0,6,-0.10223,-0.26339,-0.02722,-0.10675,0.05359,0,,
2024-02-04,171,8722.86,51.01,0.07,133,13,0.076,12914.96,1570189,23481,565,92871.82,7.191,7683,6133,0.456,3.21,140.5,0.0216,165,48585,296,0,4,-0.13297,-0.22916,-0.04465,-0.10492,-0.09433,0,,
2024-02-05,172,8655.91,50.33,0.07,119,14,0.0814,11189.8,1041925,38563,3521,576723.28,51.54,7669,6583,0.391,3.34,180.2,0.0223,171,47759,258,0,2,-0.15583,-0.18031,-0.06653,-0.10306,-0.14935,0,,
2024-02-06,179,9030.57,50.45,0.07,125,15,0.0838,13273.26,2131599,41579,4377,418813.37,31.553,7676,6574,0.411,2.54,169.2,0.024,184,48782,278,0,5,-0.15166,-0.06711,-0.13578,-0.10117,-0.08115,0,,
2024-02-07,179,8815.01,49.25,0.07,113,15,0.0838,12484.18,2493210,94829,7540,774954.07,62.075,7648,6626,0.477,3.05,207.6,0.0246,188,50807,230,0,3,-0.1918,-0.02527,-0.1567,-0.09925,0.05386,0,,
2024-02-08,177,8796.86,49.7,0.07,148,15,0.0847,12919.83,1872119,40028,4391,340809.83,26.379,7664,5917,0.439,2.95,123.4,0.0238,182,51534,348,0,2,-0.17667,-0.08183,-0.17959,-0.09729,0.10228,1,economic_sentiment_drop,aov
2024-02-09,183,9488.65,51.85,0.07,122,15,0.082,12451.26,2179430,90125,5753,668505.33,53.69,7725,6791,0.408,3.02,167.3,0.0239,184,51101,353,0,4,-0.10498,-0.07365,-0.13689,-0.09531,0.07344,0,,
2024-02-10,188,9933.07,52.84,0.07,157,16,0.0851,11323.39,961689,19082,506,57086.34,5.041,7755,6223,0.455,3.09,157.2,0.0246,190,51686,319,0,2,-0.07215,-0.02832,-0.134,-0.09331,0.11242,0,,
2024-02-11,187,9849.33,52.67,0.07,130,16,0.0856,12094.86,969999,14048,1492,59974.36,4.959,7755,6214,0.386,2.69,191.4,0.0243,188,50454,414,0,3,-0.07766,-0.04743,-0.176,-0.09127,0.0303,0,,
2024-02-12,188,9714.89,51.67,0.071,128,16,0.0851,13434.09,1153025,32781,2988,191449.05,14.251,7787,5665,0.414,3.23,179.8,0.0252,196,50858,271,0,2,-0.11083,0.01128,-0.1478,-0.08921,0.05726,0,,
2024-02-13,178,9056.3,50.88,0.07,132,15,0.0843,12521.88,2278133,23213,2445,339999.39,27.152,7715,5755,0.415,2.86,176.1,0.0232,178,49543,426,0,4,-0.1374,-0.12061,-0.1511,-0.08712,-0.03046,0,,
2024-02-14,192,10182.28,53.03,0.071,135,16,0.0833,11926.23,1065883,11930,651,28022.6,2.35,7838,5850,0.381,3.67,212.6,0.0252,197,49589,309,0,2,-0.06558,0.01263,-0.19584,-0.08501,-0.02737,0,,
2024-02-15,198,10524.24,53.15,0.081,143,17,0.0859,14280.53,1149310,12255,1462,195238.72,13.672,8332,6168,0.422,3.18,174.1,0.0267,222,49521,397,0,4,-0.06158,0.1141,-0.20394,-0.08287,-0.03193,0,,
2024-02-16,194,10174.08,52.44,0.078,145,17,0.0876,12099.83,2236854,45064,3653,469653.55,38.815,8150,6384,0.427,3.54,199.4,0.0262,213,50300,424,0,3,-0.08521,0.0792,-0.2114,-0.0807,0.02003,0,,
2024-02-17,197,10391.66,52.75,0.081,162,17,0.0863,12728.52,2060872,32922,3824,262137.81,20.595,8330,6263,0.379,2.53,140.5,0.0267,222,49991,461,0,2,-0.07502,0.11407,-0.22705,-0.07851,-0.00055,0,,
2024-02-18,204,11288.82,55.34,0.081,168,18,0.0882,13899.01,2443052,34189,1382,219704.91,15.807,8365,6053,0.472,3.22,215.4,0.0266,222,51074,480,0,5,0.01124,0.10602,-0.21481,-0.0763,0.07164,0,,
2024-02-19,200,11094.28,55.47,0.074,129,18,0.09,12222.17,1555794,23717,860,128595.74,10.522,8043,6227,0.438,2.91,151.6,0.0256,205,50768,435,0,2,0.01571,0.03738,-0.27151,-0.07407,0.05123,0,,
2024-02-20,202,11351.98,56.2,0.074,134,18,0.0891,11403.53,1571166,76002,6479,772821.92,67.77,8079,5959,0.418,3.15,179.1,0.0256,206,51429,472,0,1,0.03993,0.03978,-0.26597,-0.07181,0.09528,0,,
2024-02-21,207,11700.09,56.52,0.081,152,18,0.087,11906.95,2161059,74924,5562,369593.85,31.04,8409,6395,0.405,3.54,168.0,0.0266,223,51965,446,0,3,0.05074,0.10583,-0.22228,-0.06953,0.13104,0,,
2024-02-22,204,11434.98,56.05,0.077,170,17,0.0833,11756.52,2204754,30901,1435,251751.47,21.414,8222,6155,0.428,3.38,168.6,0.026,213,50072,433,0,2,0.03513,0.06857,-0.18558,-0.06723,0.00486,0,,
2024-02-23,198,10820.93,54.65,0.074,165,16,0.0808,13489.16,2337442,71774,4956,618307.12,45.837,8030,6470,0.411,3.22,179.8,0.0255,204,50097,482,0,2,-0.01163,0.03542,-0.14305,-0.06492,0.00653,0,,
2024-02-24,197,10685.76,54.24,0.073,119,16,0.0812,11514.1,2187930,50018,4042,462413.94,40.161,7982,6258,0.408,3.29,120.6,0.0254,202,50118,445,0,2,-0.02525,0.02666,-0.10232,-0.06258,0.0079,0,,
2024-02-25,198,10694.87,54.01,0.075,135,16,0.0808,13378.24,2069948,82867,8233,608523.57,45.486,8114,7041,0.387,3.15,178.3,0.0258,209,49403,493,0,2,-0.03285,0.05434,-0.05258,-0.06022,-0.03977,0,,
2024-02-26,205,11223.34,54.75,0.084,155,17,0.0829,12869.49,2453211,55850,5172,588449.0,45.724,8541,7051,0.371,3.33,189.0,0.0271,231,49636,337,0,1,-0.0084,0.13839,-0.0835,-0.05785,-0.02423,0,,
2024-02-27,204,11375.52,55.76,0.078,145,16,0.0784,13796.97,2344853,116474,8519,1240360.56,89.901,8294,6373,0.46,3.75,207.1,0.0262,217,48370,351,1,3,0.02541,0.08013,-0.05395,-0.05546,-0.10866,0,,
2024-02-28,209,11883.07,56.86,0.081,131,17,0.0813,11903.92,1905803,69029,5956,257076.63,21.596,8460,6533,0.458,3.08,148.8,0.0266,225,49066,317,0,1,0.06189,0.1077,-0.10708,-0.05305,-0.06225,0,,
2024-02-29,210,12000.2,57.14,0.081,140,17,0.081,13443.1,2543961,46047,3417,520144.54,38.692,8493,7409,0.349,3.25,182.1,0.0267,226,49637,339,0,6,0.07146,0.11206,-0.11981,-0.05063,-0.02419,0,,
2024-03-01,204,11860.9,58.14,0.07,150,17,0.0833,12274.97,1913229,44701,1985,369264.57,30.083,7987,6931,0.393,3.38,158.3,0.0246,196,49951,447,0,2,0.10472,-0.02925,-0.17125,-0.04819,-0.00326,0,,
2024-03-02,200,11428.42,57.14,0.07,149,17,0.085,12078.56,1283501,54731,5804,387892.48,32.114,7965,5744,0.391,3.37,211.0,0.0242,192,52185,275,0,3,0.0714,-0.05568,-0.13125,-0.04574,0.14573,0,,
2024-03-03,204,11950.58,58.58,0.07,143,17,0.0833,12594.38,2417467,119018,3209,199213.45,15.818,8008,6778,0.425,3.29,175.4,0.0241,192,52240,274,0,7,0.11938,-0.05937,-0.08467,-0.04327,0.14938,0,,
2024-03-04,205,12113.32,59.09,0.07,160,17,0.0829,13472.59,1592448,45302,2830,136482.59,10.13,8027,6642,0.39,3.48,157.0,0.0242,194,52032,464,0,4,0.13631,-0.05621,-0.08636,-0.04079,0.1355,0,,
2024-03-05,206,12073.45,58.61,0.07,168,16,0.0777,11306.39,1112809,34890,933,45203.04,3.998,8019,5774,0.399,3.19,179.9,0.0246,197,51129,421,0,4,0.1203,-0.02776,-0.0288,-0.0383,0.07531,0,,
2024-03-06,199,11758.3,59.09,0.07,139,16,0.0804,12884.98,1428870,57287,4034,645611.68,50.106,8037,6384,0.359,2.67,173.2,0.0225,180,51261,433,0,1,0.13623,-0.16781,-0.04761,-0.0358,0.0841,0,,
2024-03-07,200,11774.73,58.87,0.07,128,16,0.08,13094.84,1673792,83046,2800,404785.84,30.912,8036,6362,0.431,3.26,213.3,0.0228,183,50244,466,0,4,0.12912,-0.14779,-0.04071,-0.03329,0.0163,0,,
2024-03-08,201,12083.19,60.12,0.07,162,16,0.0796,12817.91,1066313,12772,1023,120499.92,9.401,8074,6149,0.399,3.26,153.1,0.0223,180,51359,387,0,4,0.17051,-0.18045,-0.03408,-0.03077,0.09065,0,,
2024-03-09,201,12418.93,61.79,0.07,120,16,0.0796,11592.2,2171698,77858,2896,528352.71,45.578,8124,6460,0.463,3.24,201.8,0.0211,171,50613,297,0,2,0.22619,-0.26317,-0.0643,-0.02823,0.04092,0,,
2024-03-10,211,13547.22,64.2,0.07,137,17,0.0806,12109.93,1224757,18846,1998,182344.58,15.057,8194,6372,0.404,4.04,195.2,0.022,180,50682,420,0,1,0.30683,-0.20015,-0.04795,-0.02569,0.04551,0,,
2024-03-11,210,13073.11,62.25,0.07,158,16,0.0762,11370.04,2072597,83258,8490,1054200.62,92.717,8147,7165,0.399,3.48,201.8,0.0231,188,52391,510,0,5,0.24176,-0.12866,0.01262,-0.02315,0.15946,0,,
2024-03-12,203,12241.38,60.3,0.07,151,16,0.0788,11385.01,1349468,23923,725,129472.77,11.372,8100,6595,0.479,3.13,206.2,0.0226,183,53152,410,0,4,0.17675,-0.16152,-0.01876,-0.02059,0.21017,0,,
2024-03-13,206,12264.81,59.54,0.07,140,16,0.0777,11920.5,1495201,20612,754,117396.45,9.848,8084,6323,0.448,3.14,183.5,0.0237,191,52992,316,0,4,0.15126,-0.0864,0.00916,-0.01803,0.19951,0,,
2024-03-14,205,12216.74,59.59,0.07,124,16,0.078,12743.83,1879971,20794,1961,345809.12,27.135,8091,6468,0.449,3.29,189.6,0.0234,189,53875,334,0,3,0.15313,-0.10447,0.00406,-0.01547,0.25837,0,,
2024-03-15,125,7563.43,60.51,0.07,105,9,0.072,13440.41,2455254,42977,3413,616058.75,45.836,8121,6333,0.348,3.48,200.6,0.0237,192,53361,241,0,1,0.18358,-0.08937,0.05695,-0.01289,0.22409,1,inventory_stockout,sales_volume
2024-03-16,205,12447.8,60.72,0.07,163,15,0.0732,13130.78,1498585,33196,3566,156316.53,11.905,8131,6531,0.383,3.65,170.5,0.0226,183,53673,424,0,3,0.1907,-0.15734,0.06861,-0.01032,0.24491,0,,
2024-03-17,206,11973.27,58.12,0.07,133,15,0.0728,11916.59,1091764,52287,3163,535923.34,44.973,8067,7065,0.436,3.45,237.3,0.0245,197,53250,417,0,3,0.10409,-0.03069,0.08547,-0.00774,0.21667,0,,
2024-03-18,194,11186.34,57.66,0.07,150,14,0.0722,11812.34,2224956,26264,2983,519030.42,43.94,8060,5954,0.452,3.82,192.0,0.0218,175,52045,367,0,2,0.08872,-0.21378,0.10049,-0.00516,0.13634,0,,
2024-03-19,197,11539.33,58.58,0.07,127,14,0.0711,11773.68,2304400,31734,3386,518921.51,44.075,8090,6899,0.455,3.38,151.5,0.022,177,52186,268,0,3,0.11918,-0.19881,0.10294,-0.00258,0.1458,0,,
2024-03-20,202,11866.32,58.74,0.07,125,15,0.0743,11260.49,1954645,54423,6153,848839.34,75.382,8099,5876,0.44,2.7,221.0,0.023,186,52765,299,0,0,0.1248,-0.13027,0.05592,0.0,0.18438,0,,
2024-03-21,196,11671.06,59.55,0.07,125,14,0.0714,11234.48,1161812,38040,4231,532915.7,47.436,8126,6664,0.448,3.15,229.1,0.0211,171,52122,455,0,3,0.15154,-0.25958,0.09487,0.00258,0.14149,0,,
2024-03-22,196,11592.04,59.14,0.07,155,15,0.0765,12418.78,1265933,28900,2465,363973.38,29.308,8120,6411,0.46,3.47,199.1,0.0213,172,50880,473,0,5,0.1381,-0.24689,0.04901,0.00516,0.05868,0,,
2024-03-23,196,11520.46,58.78,0.07,141,15,0.0765,12135.67,1068170,36016,1541,218848.87,18.034,8116,5909,0.501,3.72,177.6,0.0216,175,50299,356,0,7,0.12593,-0.22761,0.05372,0.00774,0.01995,0,,
2024-03-24,201,11836.57,58.89,0.07,153,15,0.0746,12762.15,2492070,61894,3868,657326.66,51.506,8124,6506,0.389,2.86,155.3,0.0228,185,48121,435,0,4,0.12961,-0.14712,0.06945,0.01032,-0.12523,0,,
2024-03-25,209,12386.13,59.26,0.07,131,16,0.0766,13473.8,1327583,23772,1167,145527.95,10.801,8139,7009,0.432,3.5,168.1,0.0243,197,47800,347,0,2,0.14213,-0.04503,0.04084,0.01289,-0.14666,0,,
2024-03-26,208,12349.76,59.37,0.07,153,16,0.0769,12863.78,1137052,33252,3266,521509.72,40.541,8147,6928,0.388,3.1,171.9,0.024,195,47096,347,0,3,0.14579,-0.0688,0.04315,0.01547,-0.19358,0,,
2024-03-27,202,11995.86,59.39,0.07,134,15,0.0743,11453.61,1519419,33607,1913,148754.04,12.988,8153,6865,0.406,3.67,178.1,0.0226,184,49264,470,0,0,0.14618,-0.15884,0.07603,0.01803,-0.04901,0,,
2024-03-28,207,12098.96,58.45,0.07,148,15,0.0725,12361.91,1593246,52141,3921,681697.56,55.145,8133,5997,0.394,3.48,149.7,0.0243,197,48844,516,0,4,0.11497,-0.04725,0.07151,0.02059,-0.07702,0,,
2024-03-29,213,12524.12,58.8,0.074,143,16,0.0751,11812.92,1221718,15048,1729,180612.61,15.289,8352,7128,0.399,3.04,199.2,0.0256,213,47594,480,0,3,0.12662,0.04273,0.04127,0.02315,-0.16035,0,,
2024-03-30,211,12413.32,58.83,0.071,177,17,0.0806,11847.11,1559018,42562,1928,316436.03,26.71,8182,6901,0.419,2.83,158.6,0.0251,205,48667,254,0,3,0.1277,0.00612,-0.04826,0.02569,-0.08886,0,,
2024-03-31,216,12975.42,60.07,0.073,150,17,0.0787,13211.2,1645919,28891,1142,120604.11,9.129,8336,6641,0.376,3.23,170.5,0.0255,212,48669,535,0,3,0.16905,0.03007,-0.07501,0.02823,-0.08871,0,,
2024-04-01,221,13560.1,61.36,0.075,143,18,0.0814,11942.41,1620099,34957,3481,644739.62,53.987,8489,7202,0.426,3.23,185.5,0.0258,219,48872,303,0,2,0.21193,0.05379,-0.08899,0.03077,-0.07515,0,,
2024-04-02,223,13689.83,61.39,0.079,142,18,0.0807,13325.41,2317936,42736,4775,841161.8,63.125,8659,7409,0.463,3.42,207.9,0.0263,227,49177,356,0,9,0.21298,0.08805,-0.10003,0.03329,-0.05481,0,,
2024-04-03,222,13485.91,60.75,0.079,139,18,0.0811,12326.68,1729987,52264,4090,422154.64,34.247,8673,7336,0.4,3.68,196.5,0.0264,228,49464,462,0,9,0.19158,0.09354,-0.12383,0.0358,-0.03568,0,,
2024-04-04,225,13456.9,59.81,0.088,158,18,0.08,14583.49,1663774,69066,4025,792106.18,54.315,9081,7822,0.424,3.21,152.5,0.0277,251,49192,447,0,3,0.16028,0.18266,-0.10632,0.0383,-0.05386,0,,
2024-04-05,217,13057.41,60.17,0.074,133,18,0.0829,12327.55,2265951,25459,1518,290277.62,23.547,8424,6133,0.371,2.87,174.5,0.0256,215,50148,321,0,1,0.17241,0.04273,-0.11824,0.04079,0.00988,0,,
2024-04-06,222,13344.43,60.11,0.081,186,18,0.0811,13696.38,2140295,85097,6225,723229.29,52.804,8757,6934,0.422,3.59,181.8,0.0267,233,50601,500,0,4,0.17033,0.11132,-0.11562,0.04327,0.04009,0,,
2024-04-07,221,13159.25,59.54,0.083,144,18,0.0814,12162.32,1148284,14757,1755,90995.4,7.482,8821,6538,0.385,3.12,186.0,0.0269,237,50082,446,0,2,0.15147,0.12682,-0.08946,0.04574,0.00553,0,,
2024-04-08,219,13021.76,59.46,0.08,175,18,0.0822,12459.99,1226359,24348,2537,235515.31,18.902,8690,7210,0.392,3.1,190.7,0.0265,230,49918,350,0,4,0.14867,0.09894,-0.11065,0.04819,-0.00542,0,,
2024-04-09,221,12946.69,58.58,0.087,167,18,0.0814,12551.47,2048711,75781,6688,346781.42,27.629,9018,7137,0.407,2.89,200.4,0.0276,248,49078,391,0,6,0.11941,0.17119,-0.11413,0.05063,-0.06143,0,,
2024-04-10,213,12633.56,59.31,0.07,159,17,0.0798,13089.35,1160004,35528,2421,453863.9,34.674,8221,6568,0.457,3.6,152.5,0.0249,204,49441,305,0,0,0.14375,-0.00998,-0.04368,0.05305,-0.03721,0,,
2024-04-11,216,12667.65,58.65,0.077,152,17,0.0787,13646.74,2292870,25877,1992,128853.12,9.442,8555,7447,0.403,3.25,192.5,0.0261,223,50173,439,0,6,0.12155,0.07232,-0.01526,0.05546,0.01155,0,,
2024-04-12,221,13261.45,60.01,0.079,146,18,0.0814,12459.66,1867620,92897,11057,1374205.06,110.292,8691,7146,0.352,3.51,209.4,0.0264,229,50738,417,0,6,0.16688,0.09212,-0.05331,0.05785,0.04921,0,,
2024-04-13,216,13033.56,60.34,0.07,159,17,0.0787,12558.08,1964089,51720,4909,458343.45,36.498,8280,6399,0.42,3.55,155.4,0.0251,207,51202,384,0,0,0.17802,0.00359,-0.05303,0.06022,0.08019,0,,
2024-04-14,220,13396.38,60.89,0.073,149,17,0.0773,11914.39,1890870,39710,1052,51326.66,4.308,8443,6864,0.413,3.61,193.8,0.0255,215,50944,437,0,2,0.19642,0.03354,-0.03345,0.06258,0.06297,0,,
2024-04-15,214,12712.02,59.4,0.071,137,17,0.0794,13611.68,1986478,31786,1280,186365.18,13.692,8289,6929,0.384,2.95,147.8,0.0251,208,52252,340,0,0,0.14673,0.0089,0.00523,0.06492,0.15015,0,,
2024-04-16,225,13381.46,59.47,0.089,154,17,0.0756,14290.04,1174820,32386,2733,376237.51,26.329,9160,7733,0.364,3.44,205.0,0.0278,254,51795,408,0,2,0.1491,0.18898,0.00944,0.06723,0.1197,0,,
2024-04-17,234,14093.26,60.23,0.1,150,18,0.0769,15326.56,2928635,52873,5972,255946.5,16.7,9711,8429,0.37,3.3,188.2,0.0295,286,51607,575,0,5,0.17425,0.29856,-0.00695,0.06953,0.10714,0,,
2024-04-18,231,13611.99,58.93,0.1,181,18,0.0779,13182.66,2209067,97108,6530,793870.77,60.221,9686,7457,0.388,2.96,201.3,0.0295,285,51111,329,0,4,0.13088,0.29955,-0.02852,0.07181,0.07411,0,,
2024-04-19,225,13160.05,58.49,0.092,182,18,0.08,13202.49,2036342,95844,4388,662009.9,50.143,9293,8158,0.398,2.72,168.4,0.0283,262,51051,369,0,3,0.1163,0.21925,-0.00774,0.07407,0.07009,0,,
2024-04-20,221,12911.61,58.42,0.086,179,17,0.0769,13598.3,2463030,68609,7910,1140045.63,83.837,8995,6643,0.417,3.06,178.0,0.0273,245,50708,309,0,1,0.11412,0.15648,0.00204,0.0763,0.04725,0,,
2024-04-21,214,12128.05,56.67,0.082,151,17,0.0794,13087.83,1866654,39545,917,126822.73,9.69,8768,6837,0.437,2.66,186.0,0.0268,234,52452,325,0,2,0.05577,0.11808,-0.01356,0.07851,0.16351,0,,
2024-04-22,212,12084.24,57.0,0.077,154,17,0.0802,12606.44,1645816,23060,2266,432318.09,34.293,8536,6176,0.446,3.26,189.8,0.026,221,52541,471,0,2,0.0667,0.06706,-0.01856,0.0807,0.16944,1,logistics_disruption,fulfillment_time
2024-04-23,211,12228.82,57.96,0.07,144,17,0.0806,13835.21,1133763,31859,3321,304948.17,22.041,8244,6568,0.473,3.45,182.8,0.025,206,50721,512,0,1,0.09855,-0.00281,-0.03012,0.08287,0.04813,0,,
2024-04-24,205,11651.45,56.84,0.07,170,16,0.078,12619.76,2480239,50481,3556,631278.64,50.023,8218,6506,0.439,2.45,185.9,0.0243,199,50244,387,0,0,0.06121,-0.04389,-0.00687,0.08501,0.01632,0,,
2024-04-25,205,11726.39,57.2,0.07,143,16,0.078,11864.65,1917377,33080,2893,237677.51,20.032,8232,6394,0.443,3.81,166.9,0.0241,198,48940,342,0,2,0.0734,-0.05884,-0.02723,0.08712,-0.07061,0,,
2024-04-26,199,11056.66,55.56,0.07,144,16,0.0804,11679.31,1268559,50595,1673,282922.83,24.224,8193,7127,0.37,3.03,158.7,0.0237,194,49859,495,0,2,0.0187,-0.08913,-0.01127,0.08921,-0.00934,0,,
2024-04-27,197,10933.08,55.5,0.07,148,15,0.0761,11408.81,2182735,44927,1076,61676.22,5.406,8195,6215,0.419,3.23,154.8,0.0231,189,51113,333,0,1,0.0166,-0.12912,0.01484,0.09127,0.07425,0,,
2024-04-28,188,10066.27,53.54,0.07,113,14,0.0745,11890.99,2030956,100801,11375,1372679.23,115.439,8147,6559,0.41,3.32,182.4,0.0223,181,50574,431,0,4,-0.04853,-0.18123,0.02868,0.09331,0.03828,0,,
2024-04-29,204,11206.41,54.93,0.072,155,16,0.0784,11559.03,1993036,83645,6711,1188502.41,102.82,8262,6078,0.426,3.32,189.9,0.0252,208,51057,363,0,4,-0.00222,0.01542,0.00222,0.09531,0.0705,0,,
2024-04-30,199,11029.79,55.43,0.07,135,15,0.0754,12665.38,1648135,33448,2350,151077.45,11.928,8205,6369,0.409,3.33,201.8,0.0237,194,50741,305,0,3,0.0142,-0.08924,0.04246,0.09729,0.04943,0,,
2024-05-01,195,10799.83,55.38,0.07,129,15,0.0769,13754.49,1290478,42010,3869,191189.6,13.9,8208,6694,0.456,3.1,182.9,0.0227,186,51019,299,0,4,0.01279,-0.15182,0.01999,0.09925,0.06798,0,,
2024-05-02,196,10670.64,54.44,0.07,152,15,0.0765,12527.96,1237198,17526,2102,237224.03,18.936,8187,7037,0.444,3.37,204.4,0.0234,191,52456,264,0,2,-0.0186,-0.10637,0.03178,0.10117,0.16377,0,,
2024-05-03,199,11141.47,55.99,0.07,164,15,0.0754,12054.66,1984591,25176,601,86902.72,7.209,8232,6373,0.433,2.66,160.9,0.0232,190,51847,432,0,3,0.03291,-0.11838,0.00759,0.10306,0.12315,0,,
2024-05-04,208,12130.18,58.32,0.07,127,17,0.0817,12354.44,1365732,34739,1378,112862.91,9.135,8298,6806,0.417,3.01,172.5,0.0238,197,50515,458,0,2,0.11061,-0.07688,-0.04511,0.10492,0.03438,0,,
2024-05-05,206,11533.75,55.99,0.07,145,16,0.0777,13197.39,2618433,74193,2172,282189.43,21.382,8239,6098,0.421,3.19,168.0,0.0248,204,51100,480,0,4,0.03297,-0.01325,-0.03608,0.10675,0.07335,0,,
2024-05-06,215,12350.2,57.44,0.078,139,17,0.0791,12746.74,2096243,38097,1118,203570.58,15.97,8649,7284,0.389,3.15,207.0,0.0261,225,51433,455,0,0,0.08143,0.07646,-0.02567,0.10855,0.09554,0,,
2024-05-07,223,13228.96,59.32,0.082,174,18,0.0807,12224.77,985107,38596,4434,714053.52,58.41,8918,7093,0.342,3.58,160.7,0.0268,239,51867,418,0,2,0.14409,0.12145,-0.02671,0.11031,0.12451,0,,
2024-05-08,219,13052.1,59.6,0.074,147,17,0.0776,12114.42,2079914,62088,6949,314197.58,25.936,8537,6238,0.437,3.55,187.1,0.0256,218,52567,543,0,5,0.15329,0.03974,-0.01709,0.11205,0.17115,0,,
2024-05-09,219,12706.72,58.02,0.081,154,17,0.0776,13926.41,2565082,63570,4880,249184.47,17.893,8852,6614,0.449,3.61,174.5,0.0267,236,51646,468,0,3,0.10072,0.11341,-0.03569,0.11375,0.10975,0,,
2024-05-10,213,12559.95,58.97,0.07,130,17,0.0798,13625.92,1473839,47061,2947,492986.2,36.18,8336,6653,0.421,3.65,189.2,0.0247,205,49679,485,0,5,0.13223,-0.02148,-0.05603,0.11541,-0.02138,0,,
2024-05-11,212,12429.73,58.63,0.07,146,17,0.0802,12786.5,1732153,39971,2020,161875.65,12.66,8330,6484,0.437,2.59,213.0,0.0246,204,50654,291,0,0,0.12103,-0.02734,-0.05827,0.11704,0.04364,0,,
2024-05-12,208,12021.81,57.8,0.07,127,16,0.0769,13405.89,2660564,31381,2975,153206.39,11.428,8311,6771,0.417,2.63,179.0,0.0241,200,50208,410,0,2,0.09324,-0.05948,0.00192,0.11864,0.01388,0,,
2024-05-13,200,11247.44,56.24,0.07,159,15,0.075,13388.56,2505066,105791,4731,610016.96,45.563,8273,6350,0.463,3.69,212.6,0.0231,191,49096,493,0,1,0.04124,-0.12778,0.02627,0.1202,-0.06023,0,,
2024-05-14,205,11656.44,56.86,0.07,150,16,0.078,11646.06,2233428,33398,1329,215897.91,18.538,8293,6099,0.413,2.5,191.9,0.0239,198,48153,430,1,7,0.06202,-0.07359,0.00936,0.12173,-0.1231,0,,
2024-05-15,207,11955.54,57.76,0.07,134,16,0.0773,12855.29,1771009,58200,1449,151687.45,11.8,8319,6765,0.442,3.11,202.4,0.0238,197,49390,421,0,4,0.09188,-0.07906,0.02565,0.12322,-0.04062,0,,
2024-05-16,210,11954.32,56.93,0.07,157,16,0.0762,12051.31,2025608,87298,6926,932364.39,77.366,8301,6426,0.438,2.53,144.7,0.025,207,49626,393,0,1,0.06418,0.00024,0.01002,0.12468,-0.0249,0,,
2024-05-17,205,11785.91,57.49,0.07,142,16,0.078,13899.21,1954484,37904,1158,109001.25,7.842,8318,7074,0.428,3.17,163.3,0.0234,194,49943,275,0,5,0.08308,-0.10356,-0.0042,0.12609,-0.00374,0,,
2024-05-18,205,11489.08,56.04,0.07,148,16,0.078,11579.86,1875494,90060,9268,781771.58,67.511,8282,6033,0.438,2.97,172.8,0.0245,202,50716,417,0,1,0.03481,-0.03396,0.02179,0.12747,0.04773,0,,
2024-05-19,210,11964.79,56.98,0.07,169,16,0.0762,11894.92,1275181,40735,1691,111797.2,9.399,8330,6748,0.44,3.24,172.8,0.0251,209,50020,293,0,0,0.06584,0.00429,0.00494,0.12881,0.00139,0,,
2024-05-20,211,12021.05,56.97,0.071,177,17,0.0806,13078.49,2272726,57025,1211,147206.19,11.256,8373,6708,0.445,3.65,181.9,0.0252,210,49005,519,0,4,0.06573,0.01272,-0.04557,0.13012,-0.06628,0,,
2024-05-21,204,11564.51,56.69,0.07,136,16,0.0784,13277.72,1102114,22588,1499,67393.79,5.076,8307,6801,0.452,3.68,188.9,0.0237,196,48357,404,0,3,0.05629,-0.08787,-0.07049,0.13138,-0.10951,0,,
2024-05-22,203,11472.75,56.52,0.07,150,16,0.0788,13431.38,2407077,76564,6277,950814.8,70.791,8305,7120,0.418,2.69,219.4,0.0235,195,47560,294,0,2,0.05053,-0.09671,-0.06431,0.13261,-0.16264,1,fraud_attack,refunds
2024-05-23,200,11502.64,57.51,0.07,142,16,0.08,12543.9,2159047,98722,8416,504166.05,40.192,8334,6394,0.404,2.76,194.8,0.0221,184,47591,485,1,1,0.08377,-0.1953,-0.05726,0.1338,-0.16059,0,,
2024-05-24,195,11375.97,58.34,0.07,124,15,0.0769,13090.25,1412520,51757,2852,518674.1,39.623,8358,7113,0.374,3.37,175.7,0.0202,168,47078,359,1,5,0.11128,-0.32156,-0.01715,0.13494,-0.19478,0,,
2024-05-25,212,12481.18,58.87,0.07,156,17,0.0802,12399.03,1421255,27931,788,94126.9,7.591,8375,7219,0.421,3.38,167.6,0.0241,201,47463,382,1,7,0.12912,-0.05982,-0.03777,0.13605,-0.16908,0,,
2024-05-26,216,12727.27,58.92,0.071,165,17,0.0787,13785.88,2745759,73604,7462,1187448.67,86.135,8446,6693,0.456,3.35,145.6,0.0252,212,47335,288,1,2,0.13075,0.01412,-0.01394,0.13712,-0.17765,0,,
2024-05-27,224,13193.21,58.9,0.084,179,17,0.0759,14739.19,1303146,42994,2868,396601.66,26.908,9043,7158,0.401,2.71,170.3,0.0271,245,47583,414,1,4,0.12994,0.13819,-0.00046,0.13815,-0.16113,0,,
2024-05-28,223,13273.71,59.52,0.079,175,17,0.0762,12693.87,2038234,41182,2928,561541.9,44.237,8851,6912,0.415,3.62,208.7,0.0264,233,48457,276,0,5,0.15078,0.09434,-0.00491,0.13913,-0.1028,0,,
2024-05-29,226,13484.66,59.67,0.083,145,17,0.0752,14028.3,2758515,54867,2467,153742.99,10.959,9046,7758,0.389,3.27,172.9,0.027,244,49904,274,0,3,0.15556,0.13364,0.02041,0.14008,-0.00639,0,,
2024-05-30,230,13879.51,60.35,0.087,145,18,0.0783,13564.81,2538635,25661,1279,164743.85,12.145,9236,7143,0.398,3.43,180.6,0.0275,253,51315,434,0,3,0.17819,0.1691,0.03415,0.14098,0.08773,0,,
2024-05-31,230,13757.04,59.81,0.089,183,18,0.0783,13194.77,1351137,40373,940,71484.72,5.418,9344,7810,0.372,2.97,183.5,0.0279,260,51261,514,0,1,0.16044,0.19429,0.00658,0.14184,0.0841,0,,
2024-06-01,220,12484.34,56.75,0.088,135,17,0.0773,15140.25,2020191,74774,7784,1545591.35,102.085,9172,6841,0.408,3.21,195.9,0.0276,253,51301,479,0,1,0.05823,0.17512,0.0384,0.14266,0.08675,0,,
2024-06-02,222,12862.94,57.94,0.084,139,17,0.0766,12613.38,1974432,47497,1978,298087.79,23.633,9045,7506,0.402,2.98,179.6,0.0271,245,50687,507,0,7,0.09804,0.14163,-0.00015,0.14344,0.04584,0,,
2024-06-03,219,13244.53,60.48,0.07,186,17,0.0776,12812.64,1119267,37869,1208,95628.19,7.464,8434,6516,0.456,3.61,176.1,0.0247,208,51510,275,0,0,0.18258,-0.01741,0.00165,0.14417,0.1007,0,,
2024-06-04,222,13507.07,60.84,0.073,164,17,0.0766,12435.41,1885297,51627,5799,499000.72,40.127,8575,7105,0.445,3.09,153.5,0.0254,217,52707,479,0,4,0.19475,0.02704,0.00164,0.14486,0.18052,0,,
2024-06-05,223,13502.02,60.55,0.075,179,17,0.0762,13653.14,2146001,77241,3633,361388.32,26.469,8698,6326,0.403,3.43,165.3,0.0258,224,51848,338,0,1,0.18491,0.05398,0.0143,0.14551,0.12324,0,,
2024-06-06,227,13669.26,60.22,0.083,179,18,0.0793,13282.74,1668687,45476,4616,421597.3,31.74,9040,7605,0.39,3.13,207.2,0.0269,243,52314,493,0,1,0.1739,0.12684,-0.00818,0.14612,0.1543,0,,
2024-06-07,224,13421.55,59.92,0.079,157,17,0.0759,12415.27,1604710,51795,5856,268178.88,21.601,8880,7276,0.358,3.37,157.4,0.0264,234,51740,331,0,1,0.16392,0.09496,-0.00882,0.14668,0.11601,0,,
2024-06-08,231,13811.72,59.79,0.091,147,18,0.0779,12970.94,1893248,43853,3281,247688.36,19.096,9417,6816,0.43,2.97,185.0,0.0281,264,51377,321,0,4,0.1597,0.20739,-0.0126,0.1472,0.09182,0,,
2024-06-09,224,13059.39,58.3,0.086,186,17,0.0759,12832.01,2561888,64469,5471,1066106.84,83.082,9128,6656,0.434,3.06,162.4,0.0273,249,51377,312,0,2,0.11003,0.15532,0.01794,0.14767,0.09186,0,,
2024-06-10,215,12379.98,57.58,0.075,167,17,0.0791,14480.73,1171461,19260,1683,83474.33,5.765,8614,7014,0.436,3.01,243.8,0.0258,222,50851,452,0,5,0.08604,0.05191,-0.00683,0.1481,0.05677,0,,
2024-06-11,216,12162.41,56.31,0.081,142,17,0.0787,12215.52,2423499,45802,4648,311337.83,25.487,8871,6789,0.424,3.49,196.4,0.0267,236,51554,528,0,4,0.04358,0.11239,-0.00431,0.14849,0.10366,0,,
2024-06-12,214,12105.29,56.57,0.077,136,17,0.0794,11974.04,1314194,61189,6102,1190908.99,99.458,8667,6379,0.446,3.25,164.3,0.026,225,50022,345,0,2,0.05223,0.06837,-0.01193,0.14883,0.00147,0,,
2024-06-13,207,11625.91,56.16,0.07,172,16,0.0773,12865.01,2294389,82956,7549,1166931.6,90.706,8329,7163,0.354,3.33,220.1,0.0246,204,49393,411,0,1,0.03879,-0.0263,-0.05027,0.14913,-0.04043,0,,
2024-06-14,209,11855.14,56.72,0.07,154,16,0.0766,11978.23,1835650,76426,7809,699116.04,58.366,8344,6740,0.429,2.82,175.5,0.0248,206,49358,307,0,4,0.05744,-0.01493,0.03252,0.14939,-0.04274,0,,
2024-06-15,212,11969.9,56.46,0.074,168,16,0.0755,13330.72,1243623,16391,1558,135343.06,10.153,8527,7352,0.425,3.7,189.9,0.0256,218,48495,449,0,2,0.04873,0.03952,0.02876,0.1496,-0.1003,0,,
2024-06-16,216,12441.94,57.6,0.075,169,17,0.0787,13107.43,1946291,43920,1498,123898.66,9.453,8620,7392,0.379,3.24,188.7,0.0258,222,49000,277,0,3,0.08672,0.05247,-0.01728,0.14977,-0.06663,0,,
2024-06-17,218,12595.99,57.78,0.078,140,17,0.078,13719.73,1722735,80918,7806,871004.81,63.486,8767,7363,0.376,3.01,180.3,0.0262,229,47757,521,0,5,0.09266,0.08204,0.02585,0.14989,-0.14953,0,,
2024-06-18,241,14538.37,60.33,0.106,157,19,0.0788,14382.44,2182298,60397,2684,486473.64,33.824,3053,2380,0.387,3.06,161.1,0.0304,92,48075,518,0,8,0.17751,0.36144,-0.00756,0.14997,-0.12827,1,website_outage,sessions
2024-06-19,236,13662.0,57.89,0.108,154,18,0.0763,14033.27,2232941,92079,8848,801664.73,57.126,10214,7689,0.382,3.57,190.5,0.0307,313,47010,551,2,1,0.09633,0.38278,0.00394,0.15,-0.1993,0,,
2024-06-20,238,13572.38,57.03,0.115,158,18,0.0756,14599.69,2837952,50563,5862,948085.97,64.939,10522,8654,0.415,2.86,189.2,0.0318,334,47238,343,1,4,0.06756,0.45172,0.02963,0.14999,-0.1841,0,,
2024-06-21,230,13350.99,58.05,0.097,176,18,0.0783,13833.47,1559589,25713,1368,127224.23,9.197,9665,7661,0.436,2.97,165.0,0.029,280,48027,314,1,0,0.10159,0.26754,0.00869,0.14993,-0.13152,0,,
2024-06-22,237,14454.71,60.99,0.097,184,19,0.0802,15247.37,2762320,33901,3311,331915.16,21.769,9737,7483,0.42,3.92,169.1,0.029,282,50247,539,0,0,0.19968,0.26634,-0.00467,0.14983,0.01648,0,,
2024-06-23,238,14401.92,60.51,0.099,178,19,0.0798,14231.31,1349903,23549,1252,64149.15,4.508,9857,7186,0.391,3.51,162.3,0.0294,289,51187,583,0,2,0.18374,0.29389,-0.02064,0.14969,0.07916,0,,
2024-06-24,234,14133.44,60.4,0.094,151,18,0.0769,13108.81,1999042,98879,8622,1325389.75,101.107,9590,8415,0.378,3.13,201.0,0.0286,274,52500,391,0,4,0.17998,0.23899,-0.02349,0.1495,0.16669,0,,
2024-06-25,228,13672.19,59.97,0.085,140,18,0.0789,12639.09,2113777,94196,3233,278461.43,22.032,9169,6887,0.408,3.04,160.0,0.0273,250,52261,465,0,7,0.16553,0.15377,-0.07099,0.14927,0.15077,0,,
2024-06-26,233,14309.59,61.41,0.087,140,19,0.0815,12658.03,1178949,16286,898,136678.59,10.798,9266,7843,0.471,3.25,247.0,0.0275,254,53894,283,0,4,0.21382,0.16615,-0.10451,0.14899,0.25962,0,,
2024-06-27,229,13940.91,60.88,0.083,183,19,0.083,14115.87,1459306,52423,3583,395190.6,27.996,9066,6690,0.406,2.86,171.9,0.0269,243,53209,314,0,4,0.19591,0.12751,-0.10351,0.14867,0.21399,0,,
2024-06-28,227,13964.38,61.52,0.077,142,18,0.0793,13446.92,1633322,68724,7418,857608.05,63.777,8821,7722,0.442,3.36,199.1,0.0261,230,52597,283,0,2,0.21724,0.0732,-0.06716,0.1483,0.17318,0,,
2024-06-29,230,14015.7,60.94,0.085,142,18,0.0783,14284.89,1265830,36814,1983,151685.03,10.619,9156,6868,0.415,2.94,183.6,0.0272,249,51132,562,0,2,0.19793,0.14634,-0.04485,0.14789,0.07547,0,,
2024-06-30,230,13623.5,59.23,0.093,176,18,0.0783,12901.77,1458883,20087,784,111482.41,8.641,9488,7785,0.43,2.96,204.6,0.0284,269,51196,381,0,4,0.14109,0.2252,0.00927,0.14744,0.07975,0,,
2024-07-01,231,13740.32,59.48,0.092,193,18,0.0779,13704.75,1517289,75828,6966,331429.77,24.184,9487,6924,0.395,3.73,163.0,0.0284,269,52000,557,0,1,0.1494,0.22386,0.02963,0.14694,0.1334,0,,
2024-07-02,229,13728.84,59.95,0.087,143,18,0.0786,12732.96,1494171,15686,994,152309.57,11.962,9239,7836,0.371,3.54,188.7,0.0275,254,51190,527,0,2,0.16504,0.16968,0.01281,0.1464,0.07936,0,,
2024-07-03,234,14356.97,61.35,0.089,154,18,0.0769,13625.45,1664511,51577,5586,484720.21,35.575,9366,7523,0.459,3.16,194.3,0.0278,260,50713,312,0,1,0.21182,0.18872,0.00849,0.14582,0.0476,0,,
2024-07-04,235,14342.38,61.03,0.093,147,19,0.0809,12923.92,1544062,46043,2561,332151.24,25.701,9545,7606,0.432,3.13,212.1,0.0284,271,50211,387,0,3,0.20105,0.22791,-0.05285,0.14519,0.01407,0,,
2024-07-05,234,14065.66,60.11,0.095,166,19,0.0812,15494.58,1307071,57781,2098,254193.22,16.405,9621,7580,0.412,3.45,226.3,0.0287,276,49887,571,0,4,0.17032,0.24926,-0.07903,0.14452,-0.0075,0,,
2024-07-06,228,13824.02,60.63,0.082,152,19,0.0833,12601.89,2064643,101093,2308,365751.66,29.024,9026,7837,0.437,2.81,179.4,0.0268,241,49369,465,0,6,0.18772,0.1226,-0.10569,0.14381,-0.04202,0,,
2024-07-07,226,13729.86,60.75,0.079,164,18,0.0796,12294.23,1955539,30035,2136,104025.58,8.461,8855,6799,0.383,2.81,178.8,0.0263,232,48230,288,1,2,0.19172,0.08668,-0.09229,0.14305,-0.11798,0,,
2024-07-08,227,13827.9,60.92,0.08,186,18,0.0793,14601.42,2607719,84753,6420,1268188.7,86.854,8937,6789,0.453,3.14,165.5,0.0265,236,49685,367,0,2,0.19719,0.10315,-0.06824,0.14225,-0.02097,0,,
2024-07-09,228,13828.35,60.65,0.084,139,18,0.0789,13290.04,2464986,57845,5085,818926.61,61.62,9088,7020,0.367,2.85,174.0,0.027,245,47948,273,0,4,0.18835,0.13639,-0.08164,0.14141,-0.13676,0,,
2024-07-10,235,14540.28,61.87,0.089,187,19,0.0809,22446.8,3922510,40278,1966,314976.41,14.032,9376,7940,0.364,3.16,165.4,0.0279,261,47360,577,1,6,0.22912,0.19001,-0.09521,0.14053,-0.17597,1,marketing_tracking_outage,roas
2024-07-11,237,14720.24,62.11,0.092,168,20,0.0844,14775.93,2668515,86778,7809,1249101.84,84.536,9544,7904,0.459,3.47,186.3,0.0284,271,47986,548,0,6,0.23702,0.22409,-0.13685,0.13961,-0.13423,0,,
2024-07-12,237,15211.37,64.18,0.082,142,20,0.0844,13956.62,2319326,75805,5280,895434.33,64.158,9109,7551,0.43,3.92,205.0,0.0268,244,49138,588,0,4,0.3061,0.12228,-0.13384,0.13864,-0.05743,0,,
2024-07-13,236,15396.82,65.24,0.076,164,20,0.0847,13195.88,1740259,24961,882,153484.55,11.631,8838,7048,0.401,3.36,158.6,0.0259,228,49054,333,0,2,0.34136,0.06053,-0.1197,0.13764,-0.06305,0,,
2024-07-14,232,15248.06,65.72,0.07,190,19,0.0819,12916.95,2406513,45747,2424,279614.08,21.647,8559,6819,0.483,3.79,152.8,0.0245,209,48912,538,0,5,0.35748,-0.03102,-0.10034,0.13659,-0.07248,0,,
2024-07-15,233,14783.79,63.45,0.08,181,19,0.0815,13415.68,2529402,43955,5157,876434.67,65.329,8968,7692,0.448,3.56,193.8,0.0265,237,49087,510,0,3,0.28166,0.09839,-0.11881,0.1355,-0.06082,0,,
2024-07-16,235,15020.97,63.92,0.08,156,19,0.0809,14076.37,1250621,50812,5040,525529.89,37.334,8992,7513,0.434,2.99,192.1,0.0265,238,48962,429,0,2,0.2973,0.10118,-0.05321,0.13438,-0.0692,0,,
2024-07-17,237,15204.92,64.16,0.083,201,19,0.0802,14593.9,2713614,130392,8323,714893.17,48.986,9133,6765,0.414,3.55,174.6,0.0269,245,49875,285,0,1,0.30519,0.12979,-0.0147,0.13321,-0.00829,0,,
2024-07-18,242,15694.73,64.85,0.089,184,19,0.0785,13468.93,2071560,94484,7582,1145831.62,85.072,9434,7344,0.421,3.51,163.1,0.0278,262,49456,486,0,6,0.32848,0.18912,-0.01682,0.132,-0.03627,0,,
2024-07-19,242,15926.5,65.81,0.085,151,19,0.0785,14960.97,2272017,60497,4773,238124.56,15.916,9256,7881,0.362,3.66,185.8,0.0272,251,48634,377,0,2,0.3604,0.14718,-0.03179,0.13076,-0.09104,0,,
2024-07-20,234,15211.53,65.01,0.075,184,19,0.0812,12704.08,1609862,32008,3390,296871.53,23.368,8774,6612,0.432,3.62,204.5,0.0258,226,48372,306,0,2,0.33355,0.05189,-0.03985,0.12947,-0.10847,0,,
2024-07-21,234,15372.67,65.7,0.072,193,19,0.0812,13880.86,2242232,43990,2726,201166.15,14.492,8622,6385,0.417,3.47,231.3,0.0253,218,48654,466,0,4,0.35651,0.01684,-0.03333,0.12815,-0.08968,0,,
2024-07-22,231,14945.59,64.7,0.07,141,18,0.0779,13406.09,1347585,36423,2502,173927.66,12.974,8535,6274,0.492,2.94,218.9,0.0251,214,49922,391,0,2,0.32332,0.00479,-0.03222,0.12679,-0.00517,0,,
2024-07-23,242,16154.57,66.75,0.081,190,19,0.0785,13230.23,1533772,18244,410,44609.74,3.372,9089,7828,0.359,3.65,215.6,0.0266,241,51371,309,0,10,0.39181,0.10941,-0.0161,0.12539,0.09145,0,,
2024-07-24,240,15552.82,64.8,0.086,200,19,0.0792,13669.22,2140523,65494,6883,750367.7,54.895,9274,7893,0.419,2.96,158.7,0.0274,254,50847,509,0,5,0.32678,0.15934,0.00777,0.12395,0.05651,0,,
2024-07-25,228,14226.4,62.4,0.077,147,17,0.0746,14104.64,1992855,27113,2486,198948.04,14.105,8765,7539,0.429,3.19,193.7,0.026,227,49428,425,0,3,0.24655,0.06731,0.04837,0.12248,-0.03812,0,,
2024-07-26,225,13543.59,60.19,0.081,190,17,0.0756,12940.88,1172532,23389,604,100508.48,7.767,8894,7133,0.396,3.46,187.9,0.0266,236,48251,544,2,4,0.17312,0.10708,0.08037,0.12097,-0.11658,0,,
2024-07-27,224,13209.12,58.97,0.085,147,17,0.0759,13717.45,2624737,127060,4166,399272.26,29.107,9054,7530,0.389,3.42,179.3,0.0272,246,50373,313,0,1,0.13231,0.14781,0.07304,0.11943,0.02493,0,,
2024-07-28,214,12306.55,57.51,0.076,139,16,0.0748,12604.67,1277922,13808,493,72261.93,5.733,8584,7045,0.438,3.52,200.7,0.0259,222,49966,295,0,3,0.08358,0.05873,0.08104,0.11785,-0.00224,0,,
2024-07-29,220,13151.45,59.78,0.075,169,17,0.0773,13894.22,2392890,84014,6203,278970.43,20.078,8577,7167,0.398,3.14,153.0,0.0257,220,50382,531,0,3,0.15931,0.04526,0.06537,0.11623,0.02551,0,,
2024-07-30,210,12441.27,59.24,0.07,128,16,0.0762,13473.53,1535410,57274,4826,696973.27,51.729,8342,6817,0.42,2.89,192.2,0.0237,197,52062,316,0,2,0.14147,-0.08879,0.04449,0.11458,0.13748,0,,
2024-07-31,207,11903.66,57.51,0.07,155,15,0.0725,12004.19,2118919,58273,5280,280002.61,23.325,8292,6593,0.435,3.41,204.3,0.0241,199,51202,503,0,3,0.08352,-0.05678,0.09959,0.1129,0.08018,0,,
2024-08-01,210,12341.22,58.77,0.07,131,16,0.0762,11743.98,2347443,62189,1255,241548.1,20.568,8322,6018,0.409,3.73,176.3,0.0239,198,50883,446,0,4,0.12559,-0.0732,0.08081,0.11118,0.05888,0,,
2024-08-02,202,11706.07,57.95,0.07,154,15,0.0743,12744.11,1819606,85493,7011,629378.97,49.386,8297,6504,0.425,3.37,188.3,0.0226,187,50254,455,0,7,0.09836,-0.16038,0.1365,0.10943,0.01698,0,,
2024-08-03,196,11050.11,56.38,0.07,136,14,0.0714,12201.82,1735638,55182,4748,516963.99,42.368,8252,6229,0.401,3.87,177.8,0.0221,182,49237,288,0,4,0.04594,-0.19321,0.1192,0.10765,-0.05081,0,,
2024-08-04,201,11534.94,57.39,0.07,145,15,0.0746,12090.4,1464420,52666,3674,201757.39,16.687,8275,6054,0.446,3.02,155.3,0.0226,187,50049,287,0,6,0.07959,-0.15709,0.12082,0.10584,0.00327,0,,
2024-08-05,201,11670.9,58.06,0.07,150,47,0.2338,13924.4,2696180,38393,2288,207031.69,14.868,8289,6140,0.398,3.1,158.8,0.0223,184,51002,264,0,3,0.10214,-0.18009,0.14747,0.10399,0.06682,1,defective_product_returns,return_rate
2024-08-06,202,11604.96,57.45,0.07,147,15,0.0743,11908.54,1061806,19210,489,30466.45,2.558,8269,6606,0.415,3.16,167.9,0.0229,189,49195,395,0,1,0.08168,-0.14112,0.14081,0.10212,-0.05362,0,,
2024-08-07,209,12344.76,59.07,0.07,149,15,0.0718,13912.53,2776270,136550,8508,450148.59,32.356,8308,6411,0.379,3.2,151.7,0.0237,196,50175,373,0,4,0.13553,-0.08832,0.14556,0.10021,0.01171,0,,
2024-08-08,206,12174.35,59.1,0.07,133,15,0.0728,12650.73,1243515,20472,1662,136625.98,10.8,8305,6208,0.437,3.17,162.1,0.0229,190,49942,394,0,2,0.13663,-0.13832,0.13104,0.09827,-0.00385,0,,
2024-08-09,210,12792.39,60.92,0.07,136,15,0.0714,12186.82,2294587,96048,11015,1589618.44,130.438,8350,6897,0.463,3.44,187.3,0.0228,190,50114,348,0,3,0.19721,-0.14634,0.11023,0.09631,0.00763,0,,
2024-08-10,221,13556.57,61.34,0.072,177,16,0.0724,12614.25,2149721,33129,3725,435413.69,34.518,8446,6432,0.407,3.31,146.3,0.0253,213,50278,538,0,6,0.2114,0.01842,0.09974,0.09431,0.01859,0,,
2024-08-11,226,14243.03,63.02,0.073,168,17,0.0752,11819.12,2064765,43881,3928,729093.16,61.688,8518,6379,0.428,3.26,202.9,0.0254,216,49069,322,0,3,0.26741,0.02505,0.07526,0.09229,-0.06204,0,,
2024-08-12,222,13966.66,62.91,0.07,158,16,0.0721,12303.2,1389084,54411,2773,350570.18,28.494,8391,7281,0.413,3.12,200.0,0.0244,204,48901,317,0,3,0.26376,-0.03673,0.12044,0.09024,-0.07324,0,,
2024-08-13,218,13344.17,61.21,0.07,148,16,0.0734,12855.32,1987632,74476,8231,717796.06,55.836,8341,6884,0.396,3.65,193.4,0.0246,205,48141,288,1,5,0.20706,-0.02882,0.10939,0.08817,-0.12391,0,,
2024-08-14,220,14072.23,63.96,0.07,179,16,0.0727,12158.26,1678155,80621,8047,1463960.48,120.409,8411,6574,0.389,3.21,200.7,0.0232,195,50088,401,0,1,0.29882,-0.11964,0.1556,0.08607,0.00587,0,,
2024-08-15,223,14058.1,63.04,0.07,161,17,0.0762,13507.47,2230257,93287,5508,686493.53,50.823,8382,6079,0.423,3.6,186.1,0.0246,206,52044,276,0,3,0.26803,-0.02839,0.06727,0.08394,0.13632,0,,
2024-08-16,223,13951.1,62.56,0.07,166,17,0.0762,11359.62,2146099,27563,1794,131284.31,11.557,8366,6724,0.432,3.08,186.1,0.025,209,51875,452,0,6,0.25203,0.00037,0.06445,0.08179,0.125,0,,
2024-08-17,225,13836.08,61.49,0.078,179,17,0.0756,13208.42,2026320,100169,8554,1572316.75,119.039,8698,7272,0.416,3.06,152.2,0.0261,227,50588,538,0,1,0.21646,0.07634,0.07809,0.07961,0.03927,0,,
2024-08-18,227,13859.44,61.05,0.083,164,17,0.0749,12273.34,2047701,65719,6807,577011.19,47.013,8949,7186,0.43,3.35,170.5,0.027,241,51558,302,0,4,0.20183,0.13186,0.06537,0.07741,0.10392,0,,
2024-08-19,228,13945.47,61.16,0.085,162,17,0.0746,12673.49,2077343,50412,3273,190349.79,15.02,9015,7309,0.391,3.11,200.8,0.0272,245,51200,562,0,0,0.20548,0.146,0.09494,0.07519,0.08005,0,,
2024-08-20,370,22652.0,61.22,0.09,252,27,0.073,12839.15,1363637,61240,4918,335571.0,26.137,9270,7500,0.408,2.99,174.0,0.028,259,52627,796,0,3,0.20739,0.19968,0.10939,0.07294,0.17517,1,back_to_school_surge,sales_volume
2024-08-21,232,14344.14,61.83,0.089,177,17,0.0733,14526.7,2605722,75699,5365,830936.23,57.201,9250,7049,0.358,3.2,215.9,0.0279,258,54084,519,0,3,0.22761,0.19312,0.09568,0.07067,0.27227,0,,
2024-08-22,233,14859.33,63.77,0.083,141,17,0.073,13243.3,2579033,54573,6325,1151333.35,86.937,8982,6873,0.379,3.04,186.9,0.0269,241,55099,407,0,0,0.29246,0.12746,0.10395,0.06839,0.33997,0,,
2024-08-23,227,14384.12,63.37,0.074,159,16,0.0705,13722.54,1573870,59807,1240,120104.3,8.752,8561,7007,0.417,3.45,196.4,0.0256,219,54131,540,0,1,0.27887,0.04306,0.1831,0.06608,0.27546,0,,
2024-08-24,220,13559.8,61.64,0.071,136,16,0.0727,12806.84,2268725,59255,3820,512972.64,40.055,8339,6715,0.395,2.71,197.4,0.0251,209,52737,549,0,2,0.22118,0.00739,0.18151,0.06375,0.18252,0,,
2024-08-25,205,12303.61,60.02,0.07,171,14,0.0683,12845.87,1829799,76708,3517,601963.27,46.86,8256,5948,0.47,3.65,194.6,0.0225,185,51812,473,0,1,0.16725,-0.16873,0.18142,0.0614,0.12084,0,,
2024-08-26,211,12463.38,59.07,0.07,155,15,0.0711,11413.28,1928543,84088,9420,530185.42,46.453,8226,7159,0.392,3.69,208.7,0.0246,202,51508,272,0,0,0.13561,-0.02404,0.15915,0.05904,0.10055,0,,
2024-08-27,198,11273.54,56.94,0.07,144,14,0.0707,13288.62,1266288,18974,1458,112976.48,8.502,8164,6831,0.405,3.3,181.4,0.0229,186,50495,371,0,1,0.06457,-0.14162,0.1552,0.05666,0.03306,0,,
2024-08-28,201,11631.67,57.87,0.07,165,15,0.0746,12979.1,2521373,56870,3902,619132.13,47.702,8185,6211,0.416,3.34,205.3,0.023,188,51510,435,0,2,0.09563,-0.13282,0.10876,0.05426,0.10069,0,,
2024-08-29,195,11151.09,57.19,0.07,138,14,0.0718,11951.69,1126557,34339,1255,168779.91,14.122,8161,6097,0.486,3.35,174.4,0.0218,177,51920,240,0,4,0.07284,-0.21177,0.09737,0.05184,0.12806,0,,
2024-08-30,186,10554.82,56.75,0.07,145,13,0.0699,12687.03,1320998,53383,3837,554612.38,43.715,8145,6332,0.411,3.61,183.2,0.02,162,51659,261,0,4,0.05821,-0.33239,0.16623,0.04941,0.11065,0,,
2024-08-31,188,10658.04,56.69,0.07,153,13,0.0691,11633.67,1449016,17520,1651,105836.43,9.097,8139,6194,0.437,3.3,181.1,0.0204,166,51100,350,0,3,0.05639,-0.3049,0.18994,0.04697,0.07335,0,,
2024-09-01,183,10058.59,54.96,0.07,118,13,0.071,11562.08,1253598,14031,712,131230.68,11.35,8088,6899,0.382,3.75,156.1,0.0206,166,51552,416,0,1,-0.00117,-0.29574,0.19968,0.04451,0.10351,0,,
2024-09-02,182,9815.71,53.93,0.07,123,12,0.0659,13396.5,2537813,36507,2402,242640.01,18.112,8055,6430,0.417,3.29,161.1,0.0208,167,52606,448,0,2,-0.03558,-0.27735,0.22281,0.04203,0.17379,0,,
2024-09-03,188,10297.54,54.77,0.07,151,13,0.0691,12249.07,1589568,36698,4291,291730.98,23.817,8073,6008,0.419,3.02,136.0,0.0393,317,50557,283,0,3,-0.00753,-0.21119,0.26813,0.03955,0.03715,1,email_campaign_spike,conversion_rate
2024-09-04,188,10438.35,55.52,0.07,151,12,0.0638,13606.12,1838234,65141,6451,507295.35,37.284,8088,6942,0.441,3.35,166.7,0.0215,173,50700,296,0,2,0.01744,-0.23335,0.27253,0.03705,0.04672,0,,
2024-09-05,190,10445.38,54.98,0.07,137,12,0.0632,13312.8,2296020,24691,1617,224588.06,16.87,8068,6403,0.428,3.06,166.3,0.0222,179,50346,274,0,2,-0.00081,-0.1835,0.32103,0.03455,0.02309,0,,
2024-09-06,199,11372.66,57.15,0.07,134,13,0.0653,12247.35,1418550,57490,2559,137070.17,11.192,8121,6384,0.437,3.64,205.3,0.0231,187,49634,383,0,4,0.07163,-0.12923,0.33707,0.03203,-0.02434,0,,
2024-09-07,194,10770.43,55.52,0.07,140,12,0.0619,11391.47,1822020,81312,2776,273649.49,24.022,8072,5874,0.414,3.45,152.6,0.0229,184,49371,322,0,2,0.01726,-0.13974,0.32521,0.0295,-0.04189,0,,
2024-09-08,192,10576.93,55.09,0.07,147,12,0.0625,11163.6,1798342,35993,3405,555559.89,49.765,8056,6733,0.439,3.38,229.5,0.0228,183,49568,290,0,2,0.00294,-0.14561,0.36054,0.02696,-0.02879,0,,
2024-09-09,194,10632.85,54.81,0.07,143,13,0.067,12578.14,1464260,65970,2393,235162.87,18.696,8043,6883,0.434,2.97,215.5,0.0236,189,51302,356,0,10,-0.00638,-0.09336,0.27173,0.02442,0.08684,0,,
2024-09-10,186,9572.04,51.46,0.07,134,13,0.0699,12949.76,1351004,24930,2936,321602.56,24.835,7949,5954,0.395,3.24,149.0,0.0238,189,51197,446,0,1,-0.11791,-0.08002,0.24101,0.02187,0.07984,0,,
2024-09-11,194,10455.38,53.89,0.07,163,13,0.067,13272.23,1545384,57189,3814,349745.76,26.352,8009,6133,0.418,3.56,163.9,0.0241,193,50667,361,0,4,-0.03688,-0.06088,0.23693,0.01931,0.04447,0,,
2024-09-12,185,10057.8,54.37,0.07,120,13,0.0703,11780.85,1328314,37043,1948,162470.7,13.791,8016,6603,0.41,3.62,197.5,0.0217,173,49482,264,0,0,-0.02112,-0.221,0.19772,0.01675,-0.0345,0,,
2024-09-13,183,9723.16,53.13,0.07,131,13,0.071,11213.34,1264335,62953,7040,523861.39,46.718,7978,6139,0.374,2.88,189.4,0.0221,176,50241,249,0,3,-0.06227,-0.1948,0.18315,0.01418,0.01608,0,,
2024-09-14,193,10740.34,55.65,0.07,143,14,0.0725,11492.84,1865696,87048,5699,303718.2,26.427,8040,6533,0.441,3.45,155.5,0.0228,183,49535,451,0,1,0.02165,-0.14897,0.15483,0.01161,-0.03096,0,,
2024-09-15,195,10984.89,56.33,0.07,130,14,0.0718,12728.28,1235584,17859,593,31078.1,2.442,8053,6925,0.4,3.36,179.3,0.0228,183,49488,420,0,4,0.04443,-0.14355,0.12746,0.00903,-0.03407,0,,
2024-09-16,198,11248.03,56.81,0.07,154,14,0.0707,13197.64,1689220,62067,3725,434182.09,32.898,8061,6480,0.439,3.38,211.8,0.0234,188,50192,325,0,1,0.06027,-0.10568,0.20244,0.00645,0.01281,0,,
2024-09-17,205,11485.24,56.03,0.074,144,14,0.0683,11714.29,1424092,59446,2650,365443.32,31.196,8218,7101,0.428,3.57,218.8,0.0256,210,50216,403,0,3,0.03419,0.03819,0.21114,0.00387,0.01441,0,,
2024-09-18,205,11505.06,56.12,0.074,126,14,0.0683,12142.69,2143345,43662,3515,371200.71,30.57,8226,6339,0.401,3.72,124.9,0.0256,210,49842,488,0,2,0.03741,0.04035,0.19897,0.00129,-0.01049,0,,
2024-09-19,202,10960.07,54.26,0.078,132,14,0.0693,13524.89,1546043,19887,470,52126.98,3.854,8375,6856,0.369,2.92,155.7,0.0262,219,49706,381,0,2,-0.02474,0.08289,0.22847,-0.00129,-0.0196,0,,
2024-09-20,201,11102.05,55.23,0.072,167,14,0.0697,12396.97,1741163,81623,5773,635867.86,51.292,8070,6162,0.412,2.92,200.1,0.0252,203,50549,426,0,1,0.0078,0.0151,0.20993,-0.00387,0.03666,0,,
2024-09-21,196,10736.44,54.78,0.07,121,13,0.0663,12129.3,1089579,22910,1959,175092.39,14.435,7981,7020,0.449,3.59,195.7,0.0243,193,50466,456,0,2,-0.00741,-0.04608,0.22599,-0.00645,0.03108,0,,
2024-09-22,194,10659.38,54.95,0.07,129,13,0.067,13420.24,1582243,27306,1058,123441.22,9.198,7980,6821,0.427,3.01,167.5,0.0239,190,50628,244,0,5,-0.00182,-0.07507,0.22522,-0.00903,0.04191,0,,
2024-09-23,194,10939.54,56.39,0.07,162,13,0.067,12122.95,992990,19318,1353,171142.99,14.117,8013,6477,0.373,3.3,195.9,0.0229,183,50933,410,0,5,0.04631,-0.13894,0.26276,-0.01161,0.06225,0,,
2024-09-24,196,11111.12,56.69,0.07,153,14,0.0714,11887.24,2130023,27579,581,34671.36,2.917,8016,5971,0.425,3.12,186.6,0.0231,185,50520,344,0,2,0.05631,-0.12557,0.20702,-0.01418,0.03471,0,,
2024-09-25,193,10992.06,56.95,0.07,153,13,0.0674,11566.15,1940390,81929,2665,143588.4,12.415,8018,6991,0.453,3.22,176.5,0.0223,178,50753,301,0,3,0.06512,-0.17839,0.21964,-0.01675,0.05022,0,,
2024-09-26,194,11102.01,57.23,0.07,127,13,0.067,12158.62,1899664,51930,2308,349294.11,28.728,8020,6524,0.434,3.49,162.5,0.0224,179,50413,404,0,5,0.07423,-0.1728,0.21233,-0.01931,0.02759,0,,
2024-09-27,187,10524.38,56.28,0.07,144,13,0.0695,12038.83,2407354,45742,2198,243399.94,20.218,7990,6096,0.454,2.97,155.2,0.0212,169,51384,347,0,5,0.04267,-0.25612,0.16699,-0.02187,0.09231,0,,
2024-09-28,184,10533.07,57.24,0.07,141,13,0.0707,11603.11,1096137,31376,1843,351253.27,30.272,8011,6183,0.448,3.49,173.3,0.0198,158,51670,318,0,3,0.07483,-0.34616,0.1906,-0.02442,0.11134,0,,
2024-09-29,188,11097.57,59.03,0.07,122,13,0.0691,12263.0,2035656,43700,4185,589105.89,48.039,8053,6812,0.437,3.26,187.5,0.0196,157,49912,314,0,1,0.13432,-0.35884,0.1549,-0.02696,-0.00584,0,,
2024-09-30,187,11186.21,59.82,0.07,140,13,0.0695,13490.2,1939628,81516,6481,1071271.26,79.411,8069,6656,0.478,2.71,158.5,0.019,153,49736,282,0,4,0.16064,-0.39765,0.19573,-0.0295,-0.01758,0,,
2024-10-01,189,11479.22,60.74,0.07,120,13,0.0688,12266.44,1340030,26031,544,54003.93,4.403,8088,6235,0.459,3.07,186.2,0.0189,152,50766,244,0,5,0.19122,-0.40359,0.20134,-0.03203,0.05108,0,,
2024-10-02,186,11069.19,59.51,0.07,126,13,0.0699,11465.13,1339862,31235,2602,183033.58,15.964,8051,6981,0.505,3.3,160.8,0.0189,152,50482,393,0,2,0.15039,-0.40608,0.21214,-0.03455,0.03218,0,,
2024-10-03,184,10733.65,58.34,0.07,138,13,0.0707,11606.65,1851856,75323,2761,129814.84,11.185,8014,6333,0.429,3.32,215.2,0.0191,153,50044,317,0,2,0.11117,-0.39006,0.20394,-0.03705,0.00296,0,,
2024-10-04,185,10453.6,56.51,0.07,124,13,0.0703,12316.1,1704612,58014,3698,691953.97,56.183,7961,6801,0.436,3.23,185.2,0.0208,165,50933,368,0,0,0.0502,-0.27787,0.22088,-0.03955,0.06223,0,,
2024-10-05,196,11356.14,57.94,0.07,117,14,0.0714,13165.04,1126544,34913,2845,204007.54,15.496,7994,6901,0.376,3.23,188.6,0.0227,181,49847,296,0,3,0.09798,-0.15425,0.15387,-0.04203,-0.0102,0,,
2024-10-06,199,11451.71,57.55,0.07,160,14,0.0704,11461.43,2265115,43084,2678,346453.53,30.228,7978,5897,0.44,3.13,169.2,0.0237,189,49923,380,0,1,0.08488,-0.08805,0.14842,-0.04451,-0.00507,0,,
2024-10-07,202,11948.24,59.15,0.07,136,15,0.0743,11426.49,2178238,66475,5474,532062.44,46.564,8016,6125,0.424,3.52,206.7,0.0234,187,50464,361,0,2,0.13832,-0.10441,0.12215,-0.04697,0.03095,0,,
2024-10-08,206,11965.91,58.09,0.071,160,15,0.0728,11561.38,1731457,46174,1161,219768.06,19.009,8035,6316,0.423,3.13,160.9,0.0252,202,51175,324,0,7,0.1029,0.01082,0.12452,-0.04941,0.07835,0,,
2024-10-09,198,11378.92,57.47,0.07,133,14,0.0707,11126.09,1710395,73579,4786,317565.37,28.542,7962,6099,0.433,3.09,199.0,0.0235,187,50104,395,0,3,0.08231,-0.09744,0.11688,-0.05184,0.00695,0,,
2024-10-10,190,10926.85,57.51,0.07,138,14,0.0737,12601.67,1472127,40139,3027,388690.02,30.844,7958,5783,0.384,2.75,191.0,0.0216,171,48970,469,0,3,0.08366,-0.22933,0.12953,-0.05426,-0.06866,0,,
2024-10-11,195,11415.34,58.54,0.07,119,14,0.0718,11168.12,1198193,52374,4302,559575.15,50.105,7981,6153,0.462,3.14,162.7,0.0222,177,50438,461,0,2,0.11801,-0.18764,0.09793,-0.05666,0.02925,0,,
2024-10-12,196,11467.35,58.51,0.07,128,14,0.0714,11224.4,902969,20759,1638,184826.77,16.467,7975,6127,0.379,2.92,183.6,0.0225,179,49685,340,0,1,0.1169,-0.16903,0.14821,-0.05904,-0.02096,0,,
2024-10-13,197,11555.04,58.66,0.07,153,14,0.0711,12609.18,2275518,27020,1011,48284.48,3.829,7974,5986,0.429,3.26,178.2,0.0226,180,49642,404,0,1,0.12183,-0.16188,0.21027,-0.0614,-0.02384,0,,
2024-10-14,198,11595.91,58.57,0.07,161,14,0.0707,11125.73,1598289,73196,5654,776558.13,69.798,7967,6605,0.464,3.12,182.6,0.0228,181,51873,488,0,2,0.11884,-0.14341,0.19351,-0.06375,0.12489,1,coupon_abuse,discount_rate
2024-10-15,192,11264.81,58.67,0.07,123,13,0.0677,12199.58,1225019,13216,333,62864.25,5.153,7965,5827,0.403,3.04,154.9,0.0213,169,51229,470,0,0,0.12236,-0.24391,0.18339,-0.06608,0.08199,0,,
2024-10-16,185,10585.88,57.22,0.07,124,13,0.0703,11371.78,1049438,34037,1016,57372.52,5.045,7922,6312,0.466,3.2,183.0,0.0205,162,49100,268,0,3,0.07403,-0.30049,0.18284,-0.06839,-0.05997,0,,
2024-10-17,192,10992.28,57.25,0.07,120,13,0.0677,12146.53,1795006,27909,1376,122396.41,10.077,7918,6031,0.387,3.14,180.6,0.0222,175,51716,280,0,2,0.07505,-0.18406,0.21162,-0.07067,0.11443,0,,
2024-10-18,196,11164.17,56.96,0.07,130,13,0.0663,13047.92,2220849,100010,8021,863580.56,66.185,7906,6231,0.437,3.37,170.3,0.0236,186,52421,274,0,8,0.06533,-0.09368,0.25795,-0.07294,0.16146,0,,
2024-10-19,193,10968.78,56.83,0.07,152,13,0.0674,12490.25,2077903,35555,3311,639734.17,51.219,7898,6069,0.363,3.21,152.2,0.023,181,52454,259,0,5,0.0611,-0.13484,0.20888,-0.07519,0.16361,0,,
2024-10-20,204,11703.25,57.37,0.071,152,14,0.0686,13603.15,1482324,30375,888,114235.09,8.398,7975,6524,0.399,3.04,180.8,0.0252,200,54659,412,0,2,0.07896,0.01396,0.17998,-0.07741,0.3106,0,,
2024-10-21,197,11126.75,56.48,0.07,135,14,0.0711,12639.99,1534537,39656,951,177714.13,14.06,7880,6186,0.465,3.51,182.9,0.0241,189,54032,457,0,1,0.04937,-0.06239,0.13912,-0.07961,0.26882,0,,
2024-10-22,194,10929.02,56.34,0.07,145,14,0.0722,13336.23,1767479,41981,4054,643820.0,48.276,7872,5978,0.413,2.82,188.9,0.0236,185,54849,408,0,0,0.0445,-0.09615,0.09878,-0.08179,0.32331,0,,
2024-10-23,195,10907.96,55.94,0.07,159,15,0.0769,12502.78,1447505,18494,1707,272775.19,21.817,7857,6494,0.454,3.33,181.9,0.024,188,54278,400,0,2,0.03127,-0.06606,0.04466,-0.08394,0.28526,0,,
2024-10-24,191,10774.47,56.41,0.07,121,14,0.0733,13284.46,2472766,118874,7463,1234751.45,92.947,7865,6705,0.459,3.27,246.2,0.0229,180,53517,377,0,3,0.04703,-0.14311,0.05331,-0.08607,0.23449,0,,
2024-10-25,192,11003.57,57.31,0.07,148,15,0.0781,12997.2,1334467,26048,2550,137087.58,10.547,7885,5917,0.443,3.4,162.6,0.0226,178,53664,327,0,3,0.07701,-0.16295,0.01587,-0.08817,0.24431,0,,
2024-10-26,189,10601.85,56.09,0.07,145,14,0.0741,11564.96,1458398,23132,1741,272807.86,23.589,7848,6095,0.439,2.92,199.3,0.0226,177,54020,292,0,2,0.03648,-0.15877,0.06018,-0.09024,0.26805,0,,
2024-10-27,190,10785.29,56.76,0.07,159,14,0.0737,11433.47,1399557,35537,2450,405894.06,35.501,7862,5668,0.447,3.35,166.4,0.0224,176,54692,429,0,3,0.05882,-0.17057,0.08442,-0.09229,0.31283,0,,
2024-10-28,201,11897.33,59.19,0.07,162,15,0.0746,11572.3,2236621,36282,1194,202860.81,17.53,7923,6742,0.465,2.69,189.3,0.0236,186,55204,457,0,0,0.13969,-0.09255,0.04931,-0.09431,0.34696,0,,
2024-10-29,199,11402.62,57.3,0.07,147,15,0.0754,12908.86,1303101,61592,4498,308200.08,23.875,7868,6478,0.431,3.74,204.3,0.0244,191,54131,267,0,1,0.07665,-0.0418,0.01594,-0.09631,0.2754,0,,
2024-10-30,192,10797.0,56.23,0.07,154,15,0.0781,13028.53,1263340,38829,1151,162534.32,12.475,7836,5720,0.39,3.65,191.3,0.0233,182,53562,262,0,2,0.04115,-0.11457,-0.00323,-0.09827,0.23751,0,,
2024-10-31,187,10311.31,55.14,0.07,112,14,0.0749,11931.9,1478824,67069,7461,1349575.5,113.107,7803,5796,0.432,3.78,173.7,0.0227,177,54879,385,0,4,0.00469,-0.15082,0.03893,-0.10021,0.32528,0,,
2024-11-01,187,10247.89,54.8,0.07,124,14,0.0749,11491.16,1618176,23477,1939,348988.69,30.37,7790,6060,0.417,3.12,199.7,0.0232,180,54841,368,0,3,-0.00662,-0.12313,0.01149,-0.10212,0.32278,0,,
2024-11-02,193,10953.7,56.75,0.07,163,15,0.0777,11503.07,1186301,18771,1445,160376.41,13.942,7838,5956,0.407,2.98,187.5,0.0233,182,54348,461,0,5,0.0585,-0.11551,-0.03389,-0.10399,0.2899,0,,
2024-11-03,190,10776.47,56.72,0.07,153,15,0.0789,12920.33,1495463,51245,2917,117170.98,9.069,7834,6846,0.443,3.46,207.5,0.0226,177,55039,364,0,2,0.05728,-0.1591,-0.03368,-0.10584,0.33595,0,,
2024-11-04,191,10664.12,55.83,0.07,131,15,0.0785,11503.2,1834192,82832,4164,388339.72,33.759,7806,6457,0.429,3.52,226.6,0.0233,181,55694,254,0,2,0.02777,-0.11346,-0.02079,-0.10765,0.37965,0,,
2024-11-05,197,11141.19,56.55,0.07,161,16,0.0812,11434.16,940460,28260,3003,276752.18,24.204,46935,34755,0.457,3.01,149.5,0.0243,1140,56172,429,0,5,0.05181,-0.04472,-0.03947,-0.10943,0.41149,1,bot_traffic_surge,sessions
2024-11-06,192,10711.27,55.79,0.07,144,15,0.0781,12119.76,2120182,70781,1482,194400.43,16.04,7798,6405,0.395,3.36,196.9,0.0237,184,54940,348,0,4,0.02626,-0.08442,0.01109,-0.11118,0.32934,0,,
2024-11-07,199,11365.35,57.11,0.07,149,15,0.0754,12125.71,2001775,23791,2167,186151.83,15.352,7830,6454,0.422,3.66,198.3,0.0247,193,54000,454,0,4,0.07041,-0.02075,0.01775,-0.1129,0.26673,0,,
2024-11-08,193,11081.15,57.42,0.07,145,15,0.0777,12877.73,2218158,27414,1380,148217.2,11.51,7835,5866,0.412,2.57,160.6,0.023,180,54197,399,0,5,0.08051,-0.13219,0.03045,-0.11458,0.27985,0,,
2024-11-09,192,11329.8,59.01,0.07,126,15,0.0781,12497.8,1121699,30716,1175,213075.66,17.049,7874,6229,0.456,2.97,197.6,0.0215,169,54767,281,0,2,0.13365,-0.23171,0.00326,-0.11623,0.31781,0,,
2024-11-10,193,11212.43,58.1,0.07,141,15,0.0777,11389.91,1198128,45339,2072,378558.78,33.236,7846,6474,0.394,2.98,138.9,0.0224,175,53119,322,0,5,0.10318,-0.17354,0.00191,-0.11785,0.20797,0,,
2024-11-11,200,12327.93,61.64,0.07,149,16,0.08,12104.6,990432,12671,500,81546.4,6.737,7938,6848,0.438,3.46,175.1,0.0218,173,52335,462,0,2,0.22132,-0.2146,-0.00288,-0.11943,0.15571,0,,
2024-11-12,199,12423.56,62.43,0.07,160,16,0.0804,11309.14,990613,39965,2942,312816.05,27.66,7956,6878,0.386,3.51,209.9,0.0211,167,51848,438,0,3,0.24766,-0.26293,-0.07091,-0.12097,0.12325,0,,
2024-11-13,201,12661.5,62.99,0.07,125,16,0.0796,12947.93,1135824,14473,1575,264713.35,20.444,7968,6860,0.438,3.61,195.9,0.0212,168,52533,319,0,7,0.26642,-0.25507,-0.05873,-0.12248,0.16889,0,,
2024-11-14,198,12412.89,62.69,0.07,163,16,0.0808,12742.95,1122867,19454,2244,437544.27,34.336,7957,6960,0.422,3.3,185.6,0.0208,165,51254,431,0,2,0.25638,-0.27698,-0.10964,-0.12395,0.08364,0,,
2024-11-15,198,12194.8,61.59,0.07,130,16,0.0808,11200.78,1003615,46603,4402,832382.27,74.315,7924,6301,0.452,3.89,146.7,0.0216,171,53538,328,0,2,0.21966,-0.22639,-0.10502,-0.12539,0.2359,0,,
2024-11-16,190,11466.66,60.35,0.07,147,16,0.0842,12420.49,2072622,27990,3346,666174.45,53.635,7889,6267,0.39,3.04,153.5,0.0204,160,53194,445,0,3,0.17836,-0.30562,-0.14399,-0.12679,0.213,0,,
2024-11-17,190,11405.16,60.03,0.07,157,15,0.0789,12692.59,1618782,42990,3461,559450.04,44.077,7877,6382,0.429,3.09,195.5,0.0205,161,53369,433,0,2,0.16757,-0.30107,-0.0762,-0.12815,0.22464,0,,
2024-11-18,202,11901.76,58.92,0.07,155,16,0.0792,12832.69,1832960,76529,3828,276784.13,21.569,7845,6088,0.411,3.0,164.0,0.0243,190,54972,431,0,2,0.13065,-0.04969,-0.0626,-0.12947,0.33148,0,,
2024-11-19,203,12005.67,59.14,0.07,148,16,0.0788,13017.9,2089538,45833,2442,352962.49,27.114,7848,6340,0.403,2.71,178.6,0.0244,191,54941,368,0,3,0.13804,-0.03703,-0.03363,-0.13076,0.32945,0,,
2024-11-20,192,11140.93,58.03,0.07,157,15,0.0781,13385.71,1423393,19933,1964,391185.25,29.224,7816,6707,0.421,3.25,173.8,0.0225,175,55028,435,0,1,0.10086,-0.16727,-0.00438,-0.132,0.33523,0,,
2024-11-21,197,11560.0,58.68,0.07,150,16,0.0812,12876.71,2070100,48201,4946,764092.9,59.339,7831,5799,0.467,3.27,177.0,0.0234,183,54270,266,0,3,0.12267,-0.10856,-0.04389,-0.13321,0.28468,0,,
2024-11-22,203,12122.58,59.72,0.07,136,17,0.0837,11836.43,1264365,52355,6072,721353.45,60.943,7857,5709,0.419,3.4,191.2,0.0241,189,54185,265,0,3,0.15724,-0.05924,-0.11015,-0.13438,0.27904,0,,
2024-11-23,207,12156.83,58.73,0.074,127,17,0.0821,13405.43,1116373,17342,1730,197876.33,14.761,8037,6920,0.422,3.62,195.4,0.0257,206,52738,284,0,2,0.12429,0.04354,-0.11453,-0.1355,0.18259,0,,
2024-11-24,210,12610.08,60.05,0.075,157,17,0.081,13355.97,2314075,103559,5104,584511.21,43.764,8099,5843,0.471,3.44,166.8,0.0257,208,52347,298,0,3,0.16827,0.04957,-0.08189,-0.13659,0.1565,0,,
2024-11-25,206,12279.87,59.61,0.07,137,17,0.0825,12429.55,1352052,34816,2978,517469.77,41.632,7847,6519,0.454,3.18,177.1,0.025,196,52105,257,0,4,0.1537,-0.00113,-0.07507,-0.13764,0.14037,0,,
2024-11-26,215,13084.7,60.86,0.08,153,17,0.0791,11727.82,1543699,55021,4104,213594.33,18.213,8347,6902,0.375,3.34,181.8,0.0265,221,50968,397,0,4,0.1953,0.0976,-0.04775,-0.13864,0.06455,0,,
2024-11-27,219,13404.79,61.21,0.084,133,17,0.0776,13239.96,2640697,128759,5421,872300.92,65.884,8547,6625,0.396,3.22,186.0,0.0271,231,51764,416,0,0,0.20697,0.13768,-0.01726,-0.13961,0.11761,0,,
2024-11-28,213,13284.72,62.37,0.07,147,17,0.0798,13407.08,1850063,26509,2353,456813.06,34.073,7915,6848,0.443,3.32,210.1,0.025,197,51966,481,0,2,0.24565,-0.00213,-0.06117,-0.14053,0.13108,0,,
2024-11-29,310,66133.01,213.33,0.075,224,25,0.0806,13001.88,2372812,98028,10363,1674774.83,128.81,8117,6757,0.423,3.31,160.4,0.0258,209,50062,395,0,8,0.1984,0.05041,-0.04948,-0.14141,0.00417,1,black_friday_spike,revenue
2024-11-30,211,12796.17,60.65,0.073,132,16,0.0758,13536.49,1365279,33783,2216,132762.34,9.808,8005,5790,0.454,3.3,181.3,0.0254,203,50772,331,0,1,0.18818,0.02907,0.01198,-0.14225,0.05149,0,,
2024-12-01,219,13625.68,62.22,0.08,174,17,0.0776,14224.3,2040374,52091,3087,170934.42,12.017,8405,6409,0.416,3.06,201.6,0.0266,223,49853,504,0,0,0.24059,0.10391,-0.00573,-0.14305,-0.00975,0,,
2024-12-02,268,34476.87,128.65,0.077,169,22,0.0821,12893.63,2281942,103765,8665,905517.81,70.23,8202,6108,0.409,3.82,240.5,0.026,213,50402,491,0,2,0.20865,0.06738,-0.06632,-0.14381,0.02682,1,cyber_monday_halo,revenue
2024-12-03,210,12311.7,58.63,0.082,126,17,0.081,12186.44,2160715,66849,5520,536748.62,44.045,8362,6112,0.381,3.49,188.5,0.0267,223,49639,408,0,2,0.1209,0.11567,-0.06996,-0.14452,-0.024,0,,
2024-12-04,204,11462.19,56.19,0.082,134,16,0.0784,12629.55,2115562,26770,847,117395.83,9.295,8306,6786,0.435,2.68,189.7,0.0268,222,49368,414,0,6,0.03957,0.1177,-0.0804,-0.14519,-0.04212,0,,
2024-12-05,198,10522.48,53.14,0.085,137,16,0.0808,13468.75,1214619,30737,1417,272528.83,20.234,8364,6572,0.418,3.11,177.1,0.0272,227,49828,459,0,1,-0.06187,0.14696,-0.06383,-0.14582,-0.01142,0,,
2024-12-06,190,9625.88,50.66,0.083,146,15,0.0789,12689.78,1116161,25352,1128,46098.17,3.633,8219,6620,0.339,3.3,172.4,0.027,221,51602,407,0,2,-0.14458,0.13084,-0.08741,-0.1464,0.10683,0,,
2024-12-07,186,9355.56,50.3,0.079,120,15,0.0806,12704.58,1304973,21229,628,89444.41,7.04,8006,6548,0.422,3.11,192.6,0.0263,210,50058,445,0,1,-0.15671,0.08875,-0.08032,-0.14694,0.00388,0,,
2024-12-08,191,9927.03,51.97,0.078,136,16,0.0838,11648.79,937419,44302,3939,511658.42,43.924,8030,6219,0.448,3.1,175.1,0.0263,211,49747,378,0,4,-0.10087,0.08458,-0.14282,-0.14744,-0.01682,0,,
2024-12-09,192,9894.54,51.53,0.082,162,16,0.0833,13579.45,1671659,41557,2621,120235.62,8.854,8189,6587,0.405,3.31,160.4,0.0268,219,49479,412,0,3,-0.11553,0.12035,-0.11006,-0.14789,-0.03472,0,,
2024-12-10,194,10093.1,52.03,0.084,139,15,0.0773,11947.39,1551623,64436,2246,255127.18,21.354,8284,7276,0.41,3.34,166.3,0.0271,224,50533,403,0,0,-0.09912,0.13755,-0.05695,-0.1483,0.03559,1,influencer_campaign,new_customers
2024-12-11,200,10396.7,51.98,0.094,162,16,0.08,12469.94,2119864,53589,4280,340809.89,27.331,8759,6524,0.427,3.37,153.9,0.0286,250,50257,353,0,2,-0.10055,0.23686,-0.01517,-0.14867,0.01718,0,,
2024-12-12,200,10416.85,52.08,0.094,125,16,0.08,13754.33,1614646,45355,2874,532463.97,38.712,8790,7017,0.419,2.82,155.6,0.0286,251,50610,259,0,2,-0.09719,0.24296,-0.05987,-0.14899,0.04067,0,,
2024-12-13,201,10445.95,51.97,0.096,160,16,0.0796,12991.47,1181448,56121,6529,904927.02,69.655,8883,6933,0.397,2.94,165.8,0.0289,256,51744,334,0,3,-0.101,0.26314,-0.0473,-0.14927,0.11629,0,,
2024-12-14,208,10785.17,51.85,0.108,127,17,0.0817,15260.95,2050985,89288,2452,412358.19,27.02,9460,6867,0.388,3.75,196.9,0.0308,291,52232,410,0,0,-0.10494,0.38398,-0.13445,-0.1495,0.14887,0,,
2024-12-15,208,10919.92,52.5,0.105,162,17,0.0817,13615.97,2161808,86465,2242,365806.14,26.866,9314,7106,0.408,3.43,148.1,0.0303,282,51599,401,0,6,-0.08335,0.35021,-0.11923,-0.14969,0.1066,0,,
2024-12-16,204,10437.35,51.16,0.105,136,17,0.0833,15815.04,1653156,49566,3576,235632.28,14.899,9290,7762,0.367,3.07,211.4,0.0303,281,51026,337,0,4,-0.12788,0.35268,-0.1152,-0.14983,0.06843,0,,
2024-12-17,203,10655.61,52.49,0.098,148,17,0.0837,14570.3,2020155,68711,2960,297660.72,20.429,8954,7686,0.446,2.6,171.2,0.0291,260,50672,467,0,5,-0.08364,0.27519,-0.13932,-0.14993,0.04482,0,,
2024-12-18,205,11002.35,53.67,0.095,144,17,0.0829,13389.89,1313687,50645,5434,1004718.47,75.036,8867,7633,0.459,3.11,175.2,0.0288,255,50740,500,0,3,-0.04433,0.25061,-0.12204,-0.14999,0.04937,0,,
2024-12-19,210,11229.93,53.48,0.104,175,17,0.081,14416.91,1970024,47138,3956,487411.66,33.808,9293,6882,0.354,3.6,163.0,0.0301,279,49889,308,0,3,-0.05081,0.34048,-0.1118,-0.15,-0.00737,0,,
2024-12-20,212,11551.46,54.49,0.103,142,17,0.0802,15394.75,1769885,50464,4570,820398.99,53.291,9262,7644,0.404,3.42,180.0,0.0299,276,49863,330,0,2,-0.01707,0.32825,-0.07802,-0.14997,-0.00912,0,,
2024-12-21,214,11483.62,53.66,0.11,161,17,0.0794,14207.57,1363953,46435,4453,743257.98,52.314,9570,7128,0.361,2.87,168.0,0.031,296,50407,314,0,4,-0.04461,0.39701,-0.0703,-0.14989,0.02718,0,,
2024-12-22,205,10876.74,53.06,0.098,156,16,0.078,13229.89,1086978,43851,2780,532330.8,40.237,9005,7253,0.412,3.45,154.9,0.0292,262,49947,479,0,2,-0.06476,0.28276,-0.05973,-0.14977,-0.00352,0,,
2024-12-23,198,10554.01,53.3,0.086,119,16,0.0808,12239.41,1559295,44702,1504,159099.89,12.999,8406,6646,0.351,3.33,240.3,0.0273,229,49533,337,0,5,-0.05656,0.15643,-0.1151,-0.1496,-0.03113,0,,
2024-12-24,198,10518.89,53.13,0.086,152,16,0.0808,13214.83,2141404,86566,4287,366727.43,27.751,8430,6731,0.415,3.0,155.2,0.0274,230,49854,359,0,5,-0.06248,0.16231,-0.14414,-0.14939,-0.00967,0,,
2024-12-25,190,10002.25,52.64,0.075,148,16,0.0842,13753.57,2529955,65932,5322,1057392.1,76.881,7879,6389,0.454,3.18,188.6,0.0258,203,50600,288,0,6,-0.07855,0.05021,-0.15121,-0.14913,0.04004,0,,
2024-12-26,199,10329.53,51.91,0.093,168,16,0.0804,13071.32,2088475,91822,3309,581261.24,44.468,8733,6304,0.401,2.61,144.5,0.0285,248,49331,390,0,0,-0.10309,0.23211,-0.13474,-0.14883,-0.04455,0,,
2024-12-27,202,10368.86,51.33,0.1,168,17,0.0842,12841.72,1934618,63869,6299,401566.85,31.27,9027,6758,0.405,3.25,160.0,0.0294,265,48533,434,0,2,-0.1223,0.29629,-0.12819,-0.14849,-0.09775,0,,
2024-12-28,198,10408.48,52.57,0.088,129,16,0.0808,12981.29,2595462,57379,1299,158565.62,12.215,8500,6233,0.401,3.67,157.5,0.0277,235,49873,250,0,2,-0.08106,0.17946,-0.07676,-0.1481,-0.00847,0,,
2024-12-29,190,9558.72,50.31,0.085,149,15,0.0789,14258.71,1562780,73325,5264,428561.12,30.056,8298,7097,0.386,3.34,151.9,0.0272,225,49874,297,0,3,-0.15637,0.14981,-0.09902,-0.14767,-0.00836,0,,
2024-12-30,188,9564.08,50.87,0.079,153,15,0.0798,12184.72,1636420,39453,1255,239817.4,19.682,8048,6358,0.448,2.84,176.4,0.0264,212,48906,376,0,7,-0.13757,0.09447,-0.10126,-0.1472,-0.07288,0,,
2024-12-31,189,9584.73,50.71,0.081,148,15,0.0794,12164.78,1672440,33937,690,134327.83,11.042,8140,6985,0.42,3.11,205.4,0.0267,217,49152,333,0,1,-0.1429,0.11414,-0.08855,-0.14668,-0.05651,0,,
2025-01-01,191,9877.54,51.71,0.08,133,15,0.0785,11661.17,1092971,22807,820,128859.27,11.05,8092,5962,0.439,3.57,188.9,0.0265,214,50684,231,0,2,-0.10951,0.09868,-0.09106,-0.14668,0.04563,0,,
2025-01-02,196,10276.57,52.43,0.085,137,16,0.0816,14179.06,1550996,32072,3234,270796.87,19.098,8378,6036,0.392,3.2,182.7,0.0273,228,50052,398,0,2,-0.08562,0.15404,-0.07164,-0.14612,0.00352,0,,
2025-01-03,193,9489.71,49.17,0.094,158,16,0.0829,14003.69,2451990,50306,1620,246874.93,17.629,8712,7379,0.415,3.15,154.1,0.0286,249,49188,283,0,1,-0.19435,0.24142,-0.08518,-0.14551,-0.05412,0,,
2025-01-04,193,9658.88,50.05,0.09,160,15,0.0777,13030.18,2075434,102878,8944,1109191.66,85.125,8546,6865,0.409,2.89,159.7,0.028,239,49066,429,0,2,-0.16513,0.20179,-0.03831,-0.14486,-0.06226,0,,
2025-01-05,188,9509.74,50.58,0.08,146,15,0.0798,13702.63,1880543,33269,3475,343334.64,25.056,8071,6225,0.42,3.42,164.4,0.0265,213,50615,259,0,5,-0.14721,0.09949,-0.04598,-0.14417,0.04104,0,,
2025-01-06,190,9641.07,50.74,0.083,130,15,0.0789,14250.66,2655140,85809,5796,650141.86,45.622,8218,5994,0.42,3.46,194.1,0.0269,221,49955,297,0,5,-0.14192,0.12893,-0.0102,-0.14344,-0.003,0,,
2025-01-07,188,9457.86,50.31,0.08,134,15,0.0798,12927.66,1292968,40422,3257,212275.39,16.42,8091,6025,0.446,2.99,174.5,0.0266,215,50440,378,0,2,-0.15641,0.10452,-0.0106,-0.14266,0.02938,0,,
2025-01-08,195,10037.13,51.47,0.087,137,15,0.0769,13075.71,1100302,23112,2200,291436.84,22.288,8458,7180,0.398,3.52,188.3,0.0276,233,51295,258,0,4,-0.11758,0.17421,0.03467,-0.14184,0.08634,0,,
2025-01-09,192,9807.87,51.08,0.085,118,15,0.0781,11901.2,1087572,15156,1228,152442.0,12.809,8315,6592,0.399,3.18,184.4,0.0272,226,51699,424,0,4,-0.13058,0.14614,-0.009,-0.14098,0.11331,0,,
2025-01-10,201,10733.77,53.4,0.089,150,16,0.0796,14569.96,2350812,53339,4495,778223.6,53.413,8587,6836,0.437,3.08,191.2,0.0278,238,51190,393,0,4,-0.05327,0.18961,0.00695,-0.14008,0.07935,0,,
2025-01-11,203,10987.79,54.13,0.089,141,16,0.0788,13809.85,1205622,43660,3077,346113.82,25.063,8630,7206,0.406,2.86,207.5,0.0279,240,51634,432,0,2,-0.0291,0.19417,-0.00637,-0.13913,0.10895,0,,
2025-01-12,208,11797.48,56.72,0.086,159,16,0.0769,13274.94,1666681,75665,7360,914160.03,68.864,8544,7450,0.433,3.39,176.9,0.0274,234,51590,326,0,3,0.05729,0.16152,0.00089,-0.13815,0.10601,0,,
2025-01-13,203,11312.06,55.72,0.081,128,15,0.0739,14220.27,2260864,107296,7402,335639.21,23.603,8291,6731,0.402,3.15,202.2,0.0267,221,52130,407,0,3,0.02415,0.11392,0.03663,-0.13712,0.14202,0,,
2025-01-14,199,10665.52,53.6,0.085,151,15,0.0754,14517.47,2721957,103663,12342,1921063.43,132.328,8422,6520,0.393,3.14,170.6,0.0273,229,52227,291,0,1,-0.04681,0.15247,0.00062,-0.13605,0.14853,0,,
2025-01-15,212,11553.04,54.5,0.101,139,17,0.0802,13743.59,1454107,21075,879,162545.67,11.827,9225,6767,0.423,3.04,157.8,0.0297,273,52090,397,0,5,-0.01682,0.31431,-0.03907,-0.13494,0.13934,0,,
2025-01-16,216,11995.31,55.53,0.104,141,17,0.0787,14400.47,1197057,27687,2430,139469.19,9.685,9385,6851,0.391,3.26,164.9,0.0301,282,50282,522,0,4,0.0178,0.34151,-0.06707,-0.1338,0.0188,0,,
2025-01-17,214,11889.9,55.56,0.1,139,17,0.0794,13156.7,1248150,58727,1255,171053.03,13.001,9180,8001,0.433,3.18,173.9,0.0295,270,50829,345,0,7,0.01868,0.29814,-0.05608,-0.13261,0.05527,0,,
2025-01-18,210,11276.35,53.7,0.102,140,17,0.081,14524.44,2471202,102900,6381,774623.0,53.332,9228,7137,0.422,3.16,188.5,0.0298,274,50627,336,0,5,-0.04344,0.31786,-0.10988,-0.13138,0.04183,0,,
2025-01-19,207,11012.1,53.2,0.099,138,17,0.0821,14695.97,2046986,65384,5208,527157.32,35.871,9103,7681,0.37,3.49,162.8,0.0294,267,48687,487,0,4,-0.06005,0.29406,-0.10149,-0.13012,-0.08747,0,,
2025-01-20,202,10906.82,53.99,0.087,139,17,0.0842,14470.67,1777216,30262,2349,242789.86,16.778,8555,6290,0.39,3.2,217.4,0.0276,236,48807,391,0,2,-0.03353,0.17499,-0.135,-0.12881,-0.07953,0,,
2025-01-21,202,10868.27,53.8,0.088,162,17,0.0842,12589.14,2194593,83847,9800,1906028.34,151.403,8573,6548,0.422,3.04,179.8,0.0277,237,49216,399,0,0,-0.03989,0.17918,-0.16257,-0.12747,-0.05221,0,,
2025-01-22,207,11115.91,53.7,0.097,127,17,0.0821,12919.63,1433023,66317,4765,798150.26,61.778,9007,7693,0.438,3.26,202.1,0.029,261,49204,448,0,1,-0.04333,0.26964,-0.16551,-0.12609,-0.05303,0,,
2025-01-23,204,10919.81,53.53,0.092,122,17,0.0833,13733.77,1220017,59856,1230,190531.85,13.873,8770,6655,0.431,3.16,172.0,0.0283,248,47107,251,2,2,-0.04905,0.22057,-0.14582,-0.12468,-0.19286,0,,
2025-01-24,195,10228.13,52.45,0.082,129,16,0.0821,13328.45,2505257,25148,1078,79326.93,5.952,8260,6110,0.428,3.15,151.6,0.0268,221,46803,421,1,1,-0.08494,0.1197,-0.15732,-0.12322,-0.21311,0,,
2025-01-25,195,10118.31,51.89,0.084,163,16,0.0821,14390.91,1810812,41706,2961,256630.15,17.833,8354,7324,0.436,2.89,167.2,0.0271,226,46321,265,1,2,-0.10371,0.14192,-0.16422,-0.12173,-0.24523,0,,
2025-01-26,197,9903.23,50.27,0.096,118,16,0.0812,13244.85,1157857,29028,2932,454898.75,34.345,8861,7723,0.366,3.4,173.4,0.0288,255,46478,291,1,3,-0.15766,0.2559,-0.15726,-0.1202,-0.23478,0,,
2025-01-27,206,10821.94,52.53,0.1,172,17,0.0825,14993.95,2708915,113223,4621,652546.11,43.521,9118,7668,0.475,3.35,165.7,0.0294,268,44837,335,4,2,-0.08221,0.29612,-0.15758,-0.11864,-0.34418,0,,
2025-01-28,207,10771.7,52.04,0.104,136,18,0.087,12969.28,1565851,31700,2446,122222.42,9.424,9308,7104,0.38,3.21,149.0,0.0301,280,45710,339,1,6,-0.09876,0.33782,-0.23,-0.11704,-0.28595,0,,
2025-01-29,217,11435.73,52.7,0.117,165,19,0.0876,14855.22,1200506,57889,6185,535211.85,36.029,9940,8743,0.42,3.67,214.7,0.032,318,46705,346,1,3,-0.07669,0.4652,-0.2314,-0.11541,-0.21962,0,,
2025-01-30,218,11236.15,51.54,0.123,143,19,0.0872,16231.12,1602773,43083,3932,638851.47,39.36,10234,7523,0.356,3.86,198.3,0.033,337,47618,478,2,5,-0.11527,0.53216,-0.21728,-0.11375,-0.15879,0,,
2025-01-31,220,11571.82,52.6,0.123,164,19,0.0864,15394.59,2285892,95828,10844,1157993.15,75.221,10250,8557,0.378,3.26,172.1,0.0329,337,47856,408,1,0,-0.08003,0.52883,-0.17348,-0.11205,-0.14291,0,,
2025-02-01,211,10639.34,50.42,0.116,132,17,0.0806,16569.4,3159452,72679,3334,366161.91,22.099,9871,8196,0.349,2.65,168.7,0.0319,314,48025,324,0,4,-0.15255,0.46134,-0.10342,-0.11031,-0.13163,0,,
2025-02-02,212,10953.07,51.67,0.112,169,17,0.0802,16272.75,1556984,70619,6389,963515.94,59.21,9733,7590,0.354,3.16,206.5,0.0314,305,49168,421,0,3,-0.11115,0.42484,-0.07824,-0.10855,-0.05547,0,,
2025-02-03,209,10810.11,51.72,0.108,159,17,0.0813,14903.32,2650285,33739,3005,464256.01,31.151,9499,7257,0.436,2.5,217.1,0.0306,290,49676,393,0,1,-0.10923,0.37512,-0.07195,-0.10675,-0.02155,0,,
2025-02-04,217,11794.83,54.35,0.11,147,18,0.0829,13833.01,2747781,60780,2565,183354.34,13.255,9678,7547,0.478,3.02,209.3,0.031,300,49342,436,0,5,-0.02153,0.39699,-0.0973,-0.10492,-0.04383,0,,
2025-02-05,207,10930.76,52.81,0.1,164,17,0.0821,14402.19,2076469,63451,6683,920514.06,63.915,9153,7377,0.395,2.89,184.5,0.0294,269,49691,439,0,3,-0.07315,0.29547,-0.08976,-0.10306,-0.02054,0,,
2025-02-06,212,11228.17,52.96,0.107,157,17,0.0802,13300.07,1575333,55383,6163,599335.12,45.063,9539,8180,0.385,3.27,202.8,0.0306,291,50354,450,0,2,-0.0679,0.3741,-0.06191,-0.10117,0.02363,0,,
2025-02-07,212,11334.55,53.46,0.105,135,17,0.0802,13373.25,2566294,119439,11912,698936.24,52.264,9425,7652,0.432,3.52,182.2,0.0302,284,51392,482,0,3,-0.05117,0.3469,-0.02087,-0.09925,0.09283,0,,
2025-02-08,213,11712.96,54.99,0.098,162,17,0.0798,13925.11,2216363,100094,6777,847202.51,60.84,9169,7265,0.383,3.04,180.4,0.0293,268,51649,364,0,3,-0.00032,0.2842,-0.04624,-0.09729,0.10999,0,,
2025-02-09,213,11604.94,54.48,0.101,174,17,0.0798,15563.44,2101532,48505,1200,55075.5,3.539,9297,7278,0.391,3.67,190.8,0.0297,276,50753,523,0,3,-0.01722,0.31285,-0.03684,-0.09531,0.0502,0,,
2025-02-10,132,7207.53,54.6,0.084,100,10,0.0758,12846.81,2417869,86306,5940,363188.68,28.271,8457,7309,0.401,3.29,180.0,0.027,228,50228,167,0,2,-0.01325,0.13632,-0.01053,-0.09331,0.01523,1,inventory_stockout,sales_volume
2025-02-11,192,9992.35,52.04,0.076,116,15,0.0781,11826.04,2298433,75885,5228,530599.21,44.867,8047,6705,0.419,3.09,183.8,0.026,209,50403,349,0,1,-0.09855,0.06428,0.04582,-0.09127,0.02693,0,,
2025-02-12,186,9511.29,51.14,0.071,148,14,0.0753,13396.66,2559483,56125,5838,734406.89,54.82,7775,6621,0.402,3.08,155.9,0.0252,195,50635,454,0,2,-0.1288,0.01181,0.0512,-0.08921,0.0424,0,,
2025-02-13,192,9944.42,51.79,0.077,120,15,0.0781,13455.41,1963536,29730,697,52886.61,3.931,8066,6144,0.404,2.86,147.2,0.026,209,51478,443,0,4,-0.10687,0.06807,0.03239,-0.08712,0.09857,0,,
2025-02-14,193,10270.5,53.22,0.073,140,15,0.0777,12571.09,1026321,49649,3850,516921.48,41.12,7912,5964,0.408,3.49,155.8,0.0254,200,49623,380,0,2,-0.0595,0.02702,0.01009,-0.08501,-0.02509,0,,
2025-02-15,198,10480.24,52.93,0.082,124,15,0.0758,12273.49,1398319,41748,3960,276709.53,22.545,8374,7359,0.427,3.44,167.9,0.0269,225,49035,451,0,0,-0.06898,0.12407,-0.00114,-0.08287,-0.0643,0,,
2025-02-16,202,11202.96,55.46,0.078,143,16,0.0792,11743.96,1443688,27357,3053,552009.75,47.004,8236,7009,0.45,3.08,191.6,0.0262,215,48129,414,0,2,0.01534,0.08038,-0.02064,-0.0807,-0.12468,0,,
2025-02-17,210,12087.33,57.56,0.081,147,16,0.0762,13236.86,2577194,81283,7568,1279901.49,96.692,8433,6224,0.407,3.02,205.6,0.0266,224,49329,262,0,1,0.08529,0.10882,0.00519,-0.07851,-0.04472,0,,
2025-02-18,206,11826.29,57.41,0.075,163,16,0.0777,12844.54,1300895,55364,3064,348490.48,27.131,8143,6367,0.429,2.98,187.8,0.0257,209,50106,360,0,2,0.08031,0.04836,0.03701,-0.0763,0.00709,0,,
2025-02-19,203,11051.46,54.44,0.082,129,15,0.0739,11815.21,2287986,114397,11007,630706.67,53.381,8434,7285,0.388,3.68,179.8,0.0269,226,50400,418,0,3,-0.01864,0.12441,0.0569,-0.07407,0.02668,0,,
2025-02-20,195,10203.25,52.32,0.079,142,14,0.0718,13485.83,2639641,115962,9526,1270601.77,94.218,8236,6724,0.435,3.02,156.6,0.0264,217,51084,415,0,0,-0.08919,0.09416,0.08982,-0.07181,0.07233,0,,
2025-02-21,195,10036.89,51.47,0.082,119,15,0.0769,12657.9,1714545,28589,1113,85516.04,6.756,8347,7052,0.408,3.16,187.6,0.0268,223,50456,262,0,1,-0.11763,0.12106,0.07172,-0.06953,0.03044,0,,
2025-02-22,196,10371.55,52.92,0.077,133,15,0.0765,13935.49,1963518,84246,2773,229861.19,16.495,8167,7117,0.421,3.06,151.1,0.0261,213,50882,375,0,1,-0.06946,0.07445,0.07954,-0.06723,0.05882,0,,
2025-02-23,192,10243.38,53.35,0.07,157,14,0.0729,12721.35,1473126,27763,2451,458643.69,36.053,7826,6009,0.379,2.91,174.3,0.0249,194,50842,458,0,3,-0.05497,-0.00905,0.06402,-0.06492,0.05619,0,,
2025-02-24,185,9414.15,50.89,0.07,140,14,0.0757,13299.21,2622610,94427,10858,565761.67,42.541,7765,6037,0.418,2.76,173.7,0.0246,191,50837,228,0,3,-0.13709,-0.02431,0.06213,-0.06258,0.05581,0,,
2025-02-25,189,9589.14,50.74,0.075,150,14,0.0741,12775.77,1600638,25336,3034,421355.18,32.981,8029,6345,0.501,3.05,137.9,0.0258,207,50637,426,0,8,-0.14213,0.05498,0.09578,-0.06022,0.04252,0,,
2025-02-26,190,10032.02,52.8,0.07,117,14,0.0737,11863.69,2225479,90652,8541,1254397.17,105.734,7825,6153,0.416,3.48,163.4,0.0247,193,51426,397,0,2,-0.07333,-0.02177,0.0901,-0.05785,0.09513,0,,
2025-02-27,183,9592.19,52.42,0.07,153,14,0.0765,13288.66,1141124,49675,3521,536297.81,40.358,7820,6740,0.464,3.5,177.6,0.0231,180,52219,337,0,4,-0.08612,-0.12665,0.02965,-0.05546,0.14795,0,,
2025-02-28,180,9286.9,51.59,0.07,110,14,0.0778,12017.1,1418687,53924,5499,415676.38,34.59,7803,6277,0.415,3.4,179.6,0.023,179,50688,401,0,5,-0.11354,-0.13555,0.02058,-0.05305,0.04588,0,,
2025-03-01,191,10344.87,54.16,0.07,136,15,0.0785,12968.15,1609904,56830,4044,803578.0,61.966,7876,5889,0.434,3.33,198.4,0.024,189,50147,360,0,1,-0.02795,-0.06734,-0.00184,-0.05063,0.0098,0,,
2025-03-02,188,10199.16,54.25,0.07,152,15,0.0798,12293.32,1976598,49339,2805,126434.66,10.285,7883,6210,0.434,2.97,142.5,0.023,181,50214,368,0,2,-0.02497,-0.13451,-0.04701,-0.04819,0.01431,0,,
2025-03-03,185,9934.2,53.7,0.07,136,15,0.0811,12650.05,1660837,50454,1922,219266.48,17.333,7873,6138,0.439,3.31,188.2,0.0226,177,50712,324,0,0,-0.04339,-0.15913,-0.06837,-0.04574,0.0475,0,,
2025-03-04,188,10181.63,54.16,0.07,138,15,0.0798,13113.97,2259450,62161,2462,438623.79,33.447,7890,5752,0.44,4.12,185.7,0.023,181,49200,254,0,3,-0.02808,-0.13032,-0.03613,-0.04327,-0.05331,0,,
2025-03-05,187,10136.05,54.2,0.07,150,14,0.0749,12045.82,2031136,56088,1637,180857.33,15.014,7897,6327,0.447,3.41,182.5,0.0229,180,48481,415,0,7,-0.02655,-0.14043,0.0161,-0.04079,-0.10126,0,,
2025-03-06,188,10097.93,53.71,0.07,114,15,0.0798,11925.75,1763249,42419,4844,391170.62,32.801,7889,6035,0.422,3.17,205.6,0.0234,184,48397,317,0,1,-0.04292,-0.10629,0.00062,-0.0383,-0.10684,0,,
2025-03-07,198,10929.83,55.2,0.07,165,15,0.0758,12752.77,1674600,30175,3239,234014.34,18.35,7933,6608,0.424,3.08,179.3,0.0248,196,50161,294,0,3,0.00671,-0.01239,0.03067,-0.0358,0.01076,0,,
2025-03-08,202,11419.86,56.53,0.07,142,15,0.0743,12631.71,2125156,41926,4511,454384.81,35.972,7974,6087,0.456,3.07,150.6,0.0249,198,49375,369,0,2,0.05113,-0.00967,0.06448,-0.03329,-0.04163,0,,
2025-03-09,204,11729.39,57.5,0.07,129,16,0.0784,12518.42,2055134,41158,3103,282192.4,22.542,8005,6473,0.412,3.55,145.6,0.0248,198,49108,416,0,3,0.08323,-0.01328,0.02646,-0.03077,-0.05942,0,,
2025-03-10,207,11860.82,57.3,0.074,165,16,0.0773,11767.09,2307041,86374,2505,378025.39,32.126,8204,6699,0.459,3.2,144.6,0.0256,210,49195,447,0,1,0.07662,0.04168,0.02396,-0.02823,-0.05361,0,,
2025-03-11,210,12307.25,58.61,0.073,131,16,0.0762,11945.62,1682688,36101,1498,228459.48,19.125,8204,6624,0.392,3.1,205.1,0.0255,209,49207,323,0,3,0.1202,0.03319,0.02143,-0.02569,-0.05282,0,,
2025-03-12,206,12038.25,58.44,0.07,130,16,0.0777,12299.9,2085579,59572,1294,89911.26,7.31,8045,6550,0.399,3.17,194.1,0.0244,196,49448,317,0,2,0.1146,-0.03683,0.02553,-0.02315,-0.03677,0,,
2025-03-13,203,11955.68,58.89,0.07,161,16,0.0788,13457.47,2608176,54601,1252,116067.86,8.625,8062,6718,0.45,3.55,171.7,0.0234,188,49495,301,0,2,0.12983,-0.10416,-0.02356,-0.02059,-0.03361,0,,
2025-03-14,202,12123.74,60.02,0.07,150,16,0.0792,11252.15,2194292,48718,2723,380623.03,33.827,8097,7054,0.408,3.07,161.9,0.0224,181,49395,404,0,5,0.16728,-0.17181,-0.03286,-0.01803,-0.04033,0,,
2025-03-15,213,12958.62,60.84,0.07,177,17,0.0798,12123.29,1917835,49424,5009,661924.74,54.599,8124,6948,0.392,3.62,177.1,0.0247,200,49727,256,0,1,0.19462,-0.02075,0.00052,-0.01547,-0.01816,0,,
2025-03-16,219,13755.64,62.81,0.07,165,17,0.0776,11821.93,1250365,23949,993,138678.56,11.731,8182,6110,0.427,2.72,187.5,0.0247,202,50012,528,0,4,0.26037,-0.02184,0.03836,-0.01289,0.00086,0,,
2025-03-17,222,14012.27,63.12,0.072,179,16,0.0721,12869.55,1585517,32113,978,186379.29,14.482,8295,6160,0.417,3.7,177.3,0.0253,209,50355,312,0,0,0.27061,0.02073,0.09138,-0.01032,0.02369,0,,
2025-03-18,219,13327.01,60.85,0.077,166,16,0.0731,11833.14,1692066,17875,1751,322052.37,27.216,8471,7236,0.481,3.23,197.8,0.026,220,50676,376,0,6,0.19513,0.0689,0.07669,-0.00774,0.04513,0,,
2025-03-19,210,12450.08,59.29,0.07,171,15,0.0714,11206.54,1352549,20846,1415,109180.53,9.743,8103,7068,0.382,3.39,186.6,0.0249,201,49561,259,0,4,0.14287,-0.00372,0.12894,-0.00516,-0.02926,0,,
2025-03-20,217,13188.75,60.78,0.074,143,16,0.0737,13212.55,2182509,50723,4187,298306.99,22.578,8344,6359,0.453,3.17,227.2,0.0256,213,49776,397,0,3,0.19259,0.04067,0.14247,-0.00258,-0.01487,0,,
2025-03-21,213,12824.04,60.21,0.07,173,16,0.0751,12126.43,1686187,22493,2332,156836.17,12.933,8138,6394,0.375,3.46,197.8,0.025,203,49946,313,0,6,0.17356,-0.00291,0.09457,0.0,-0.00355,0,,
2025-03-22,205,12405.46,60.51,0.07,159,15,0.0732,13249.86,2087620,40336,3001,483010.91,36.454,8152,7094,0.422,3.28,174.3,0.0228,185,50657,279,0,3,0.18381,-0.14877,0.11269,0.00258,0.04385,1,influencer_campaign,new_customers
2025-03-23,202,11984.1,59.33,0.07,133,15,0.0743,13497.87,2681866,49399,4027,210633.58,15.605,8125,6600,0.427,3.13,176.6,0.0228,185,51202,287,0,1,0.14424,-0.14895,0.09649,0.00516,0.0802,0,,
2025-03-24,202,12200.49,60.4,0.07,134,15,0.0743,13537.32,1155442,51253,1422,177237.38,13.093,8159,6464,0.453,3.46,157.2,0.0219,178,52451,439,0,4,0.17995,-0.2093,0.10724,0.00774,0.16344,0,,
2025-03-25,200,11954.95,59.77,0.07,133,15,0.075,13440.01,2248925,33901,3856,513539.09,38.21,8147,6300,0.42,2.8,185.1,0.0218,177,51454,390,0,4,0.15916,-0.21203,0.0988,0.01032,0.09698,0,,
2025-03-26,207,12705.91,61.38,0.07,157,15,0.0725,13342.37,2348711,100924,4626,495465.58,37.135,8195,6626,0.434,3.26,157.5,0.0225,184,51171,324,0,3,0.21271,-0.1668,0.13011,0.01289,0.07812,0,,
2025-03-27,216,13079.04,60.55,0.071,140,16,0.0741,13226.89,1205324,36777,2650,349434.01,26.418,8225,7087,0.354,2.83,226.6,0.0251,206,51233,319,0,3,0.18504,0.00965,0.1313,0.01547,0.0822,0,,
2025-03-28,217,13394.61,61.73,0.07,150,16,0.0737,12792.0,2079660,101996,4104,422127.03,32.999,8215,7182,0.403,3.54,196.5,0.0246,202,50532,281,0,3,0.22421,-0.02602,0.11626,0.01803,0.0355,0,,
2025-03-29,218,13588.77,62.33,0.07,152,16,0.0734,13436.86,1677825,44511,3667,617038.64,45.921,8236,6810,0.483,2.93,195.9,0.0245,201,50238,517,0,2,0.24446,-0.03489,0.13939,0.02059,0.01589,0,,
2025-03-30,217,13290.58,61.25,0.07,183,16,0.0737,11788.8,1782148,39225,2238,231950.46,19.675,8212,6352,0.425,2.94,169.3,0.0249,204,49890,534,0,2,0.20823,-0.00539,0.14011,0.02315,-0.00727,0,,
2025-03-31,221,13785.61,62.38,0.071,155,16,0.0724,13221.79,1550514,64105,3384,633961.91,47.948,8287,6321,0.424,3.48,193.5,0.0251,208,49489,537,0,5,0.24594,0.00821,0.12072,0.02569,-0.03406,0,,
2025-04-01,217,13253.28,61.08,0.07,166,16,0.0737,12088.81,1052897,50874,6077,597536.19,49.429,8218,7158,0.45,3.41,203.7,0.0249,204,51593,370,0,2,0.2025,-0.0037,0.153,0.02823,0.1062,0,,
2025-04-02,209,12520.31,59.91,0.07,168,15,0.0718,12879.82,1340265,54513,2450,395719.53,30.724,8192,6641,0.462,3.44,191.5,0.0238,194,51345,506,0,3,0.16353,-0.07914,0.1331,0.03077,0.08973,0,,
2025-04-03,208,12609.93,60.62,0.07,175,15,0.0721,12984.69,1454661,36161,2250,359112.14,27.657,8216,7132,0.397,3.66,161.7,0.0229,188,52511,355,0,3,0.18749,-0.13819,0.10733,0.03329,0.16742,0,,
2025-04-04,205,12239.63,59.71,0.07,135,15,0.0732,13035.96,2527615,71695,1495,224405.32,17.214,8197,6446,0.42,3.12,184.4,0.0229,187,51460,337,0,2,0.15685,-0.13721,0.08578,0.0358,0.09736,0,,
2025-04-05,199,11711.5,58.85,0.07,153,15,0.0754,12857.73,1600640,78132,8553,774780.66,60.258,8179,5929,0.405,3.48,174.5,0.0219,179,51549,476,0,0,0.12839,-0.20467,0.03752,0.0383,0.10333,0,,
2025-04-06,196,11431.41,58.32,0.07,144,15,0.0765,11363.27,2188937,97795,4050,615190.9,54.139,8170,6624,0.457,3.05,167.0,0.0215,175,50813,398,0,4,0.11078,-0.23025,0.01905,0.04079,0.05425,0,,
2025-04-07,189,10777.46,57.02,0.07,132,14,0.0741,13041.6,1299521,42443,3700,358037.82,27.454,8140,6944,0.431,3.22,177.1,0.0206,167,51033,232,0,6,0.06745,-0.29482,0.07392,0.04327,0.06887,0,,
2025-04-08,199,11585.16,58.22,0.07,125,15,0.0754,13455.16,1335853,22538,2481,291613.54,21.673,8177,6375,0.451,3.91,204.8,0.0222,181,52411,434,0,2,0.10723,-0.18663,0.04298,0.04574,0.16079,0,,
2025-04-09,195,11475.87,58.85,0.07,136,15,0.0769,12816.41,1911872,74422,7713,813431.9,63.468,8199,6458,0.489,3.33,151.6,0.0209,171,53873,313,0,5,0.12835,-0.27281,0.04108,0.04819,0.25822,0,,
2025-04-10,205,12023.64,58.65,0.07,145,16,0.078,12989.79,1134054,35839,2678,431373.21,33.209,8198,7191,0.395,3.28,191.0,0.0233,191,54152,402,0,6,0.12173,-0.11239,0.00578,0.05063,0.27685,0,,
2025-04-11,202,11799.28,58.41,0.07,125,16,0.0792,13314.77,2572111,113874,6079,334131.17,25.095,8197,6269,0.389,3.07,165.3,0.0229,187,54082,332,0,2,0.11374,-0.14178,-0.01285,0.05305,0.27215,0,,
2025-04-12,200,11770.02,58.85,0.07,121,15,0.075,13460.54,2119143,85873,8450,906461.62,67.342,8213,6962,0.437,3.39,187.8,0.022,180,53618,320,0,1,0.12834,-0.20145,0.03336,0.05546,0.24125,0,,
2025-04-13,202,12292.3,60.85,0.07,143,15,0.0743,12964.07,1208897,50399,5755,313932.78,24.216,8271,6157,0.413,3.25,175.3,0.021,173,53554,492,0,5,0.1951,-0.26409,0.05858,0.05785,0.23696,0,,
2025-04-14,209,12900.01,61.72,0.07,144,16,0.0766,12392.29,2183826,58221,1313,111976.7,9.036,8299,6282,0.448,3.65,180.6,0.0223,185,54376,471,0,5,0.22409,-0.18312,0.03734,0.06022,0.29176,0,,
2025-04-15,212,12913.07,60.91,0.07,130,16,0.0755,13280.85,2192030,40072,4534,474584.21,35.734,8282,7139,0.472,3.17,189.5,0.0236,195,52429,506,0,0,0.19702,-0.09295,0.03566,0.06258,0.16196,0,,
2025-04-16,211,13011.59,61.67,0.07,167,16,0.0758,11691.71,1775369,66120,3169,415424.87,35.532,8307,6300,0.443,2.89,199.2,0.0229,190,51891,398,0,3,0.22221,-0.14306,0.0091,0.06492,0.12609,0,,
2025-04-17,213,13061.97,61.32,0.07,160,17,0.0798,12211.01,2394778,63740,2142,371508.47,30.424,8303,7068,0.408,3.47,181.9,0.0234,194,50824,266,0,2,0.21079,-0.10555,-0.01488,0.06723,0.05497,0,,
2025-04-18,212,12909.8,60.9,0.07,140,17,0.0802,11759.57,951298,21466,2520,238655.41,20.295,8296,6642,0.389,3.12,149.5,0.0234,194,51649,436,0,4,0.19651,-0.10546,-0.04158,0.06953,0.10994,0,,
2025-04-19,217,13661.93,62.96,0.07,143,17,0.0783,13487.49,1478800,39365,2235,410546.91,30.439,8355,6624,0.41,3.4,187.7,0.0233,194,50374,526,0,2,0.26527,-0.11189,-0.06642,0.07181,0.02494,0,,
2025-04-20,216,13438.81,62.22,0.07,161,17,0.0787,12225.27,1761982,17751,1861,182206.93,14.904,8340,6191,0.468,3.08,183.0,0.0236,196,51102,406,0,2,0.24056,-0.09011,-0.05332,0.07407,0.07347,0,,
2025-04-21,218,13390.69,61.43,0.07,172,17,0.078,12984.55,2050682,55525,3389,426384.26,32.838,8323,6059,0.436,2.96,201.8,0.0246,204,49970,380,0,1,0.21417,-0.02755,-0.03275,0.0763,-0.00195,0,,
2025-04-22,203,11954.65,58.89,0.07,158,16,0.0788,12949.3,1144416,16710,1393,183010.36,14.133,8260,6853,0.405,2.99,197.0,0.0226,186,49043,402,0,1,0.12966,-0.15896,-0.01646,0.07851,-0.06375,0,,
2025-04-23,190,10847.18,57.09,0.07,128,15,0.0789,13619.68,1761524,78540,5565,682917.2,50.142,8217,5923,0.439,3.75,206.1,0.0205,168,50522,292,0,2,0.06968,-0.29898,-0.02072,0.0807,0.03482,0,,
2025-04-24,194,11168.4,57.57,0.07,131,15,0.0773,12155.55,1525841,57053,2554,290244.46,23.878,8234,6778,0.454,3.47,210.5,0.0212,174,51395,262,0,3,0.08564,-0.25461,-0.06043,0.08287,0.09302,0,,
2025-04-25,193,10935.01,56.66,0.07,128,15,0.0777,12055.19,2399650,112656,3108,450809.51,37.395,8214,6514,0.436,2.82,176.6,0.0215,176,50457,248,0,3,0.05527,-0.23411,-0.05942,0.08501,0.0305,0,,
2025-04-26,199,11388.14,57.23,0.07,158,16,0.0804,13110.48,1262440,43338,4233,755517.09,57.627,8233,6252,0.429,3.17,184.1,0.0226,186,48884,247,0,0,0.07423,-0.16277,-0.08418,0.08712,-0.0744,0,,
2025-04-27,189,10550.39,55.82,0.07,150,15,0.0794,12603.18,1234691,30052,1097,63692.97,5.054,8200,6266,0.426,3.51,221.0,0.021,172,48207,344,0,0,0.02741,-0.26602,-0.05353,0.08921,-0.11949,0,,
2025-04-28,184,10097.32,54.88,0.07,112,14,0.0761,12258.14,2037992,31079,3067,473875.7,38.658,8179,5894,0.426,2.85,172.5,0.0204,166,48974,347,0,7,-0.00411,-0.30848,-0.03416,0.09127,-0.06835,0,,
2025-04-29,195,10859.54,55.69,0.07,123,15,0.0769,12298.45,1313504,41034,2373,277337.03,22.551,8205,6909,0.445,3.41,195.3,0.0225,184,49098,432,0,3,0.023,-0.16958,-0.01005,0.09331,-0.06009,0,,
2025-04-30,195,11197.35,57.42,0.07,136,15,0.0769,13142.77,2402382,98857,7368,1146689.88,87.249,8255,6490,0.418,3.89,184.3,0.0213,175,48396,294,0,2,0.08074,-0.24434,-0.01999,0.09531,-0.10692,0,,
2025-05-01,200,11612.12,58.06,0.07,125,16,0.08,12076.5,1930579,50082,3112,521782.94,43.206,8276,7262,0.416,3.31,158.9,0.0221,182,49094,491,0,4,0.10202,-0.19447,-0.07333,0.09729,-0.06038,0,,
2025-05-02,201,11940.64,59.41,0.07,128,16,0.0796,13827.14,1524642,59560,2567,355705.68,25.725,8315,6863,0.402,2.92,182.1,0.0215,178,50451,464,0,2,0.14687,-0.23066,-0.04092,0.09925,0.03008,0,,
2025-05-03,206,12631.82,61.32,0.07,144,16,0.0777,11856.31,1347026,20357,839,138526.18,11.684,8370,6762,0.444,3.55,175.2,0.0215,179,49418,482,0,6,0.21065,-0.23596,-0.00209,0.10117,-0.03874,0,,
2025-05-04,205,12787.5,62.38,0.07,168,16,0.078,13633.45,2270797,109624,4150,797025.66,58.461,8402,6135,0.458,3.15,163.7,0.0204,171,49442,349,0,4,0.24593,-0.30881,-0.04648,0.10306,-0.0372,0,,
2025-05-05,208,12699.35,61.05,0.07,131,16,0.0769,11792.36,1791134,73708,5873,995451.37,84.415,8371,6819,0.412,2.75,196.0,0.0221,184,48819,290,0,4,0.20182,-0.19491,-0.04002,0.10492,-0.07873,0,,
2025-05-06,201,12210.05,60.75,0.07,130,16,0.0796,11967.61,1513789,66802,5317,270149.06,22.573,8366,6656,0.424,3.38,189.5,0.0204,170,49959,410,0,1,0.19155,-0.30868,-0.00222,0.10675,-0.00272,0,,
2025-05-07,199,12204.74,61.33,0.07,134,16,0.0804,13664.92,2225328,37563,2594,403379.11,29.519,8385,7294,0.435,3.25,129.3,0.0196,164,50088,251,0,4,0.21101,-0.36169,-0.03438,0.10855,0.00592,0,,
2025-05-08,196,11885.95,60.64,0.07,123,15,0.0765,12043.47,1401074,31912,1196,83951.89,6.971,8371,7234,0.426,3.54,198.5,0.0192,160,49520,296,0,3,0.18809,-0.38922,0.02037,0.11031,-0.03193,0,,
2025-05-09,204,12447.2,61.02,0.07,144,16,0.0784,12113.23,1747232,32809,3502,558844.72,46.135,8384,6586,0.469,3.33,171.2,0.021,176,48134,361,1,3,0.20052,-0.26795,0.00888,0.11205,-0.12437,0,,
2025-05-10,201,11846.98,58.94,0.07,168,16,0.0796,13507.15,2634163,49293,1073,117989.07,8.735,8332,7243,0.43,3.35,181.0,0.0217,180,49000,446,0,3,0.13134,-0.22021,-0.02383,0.11375,-0.06661,0,,
2025-05-11,203,11739.01,57.83,0.07,147,16,0.0788,12292.3,2413837,69976,4003,591268.99,48.101,8306,6844,0.427,2.59,146.4,0.0227,188,48890,342,0,5,0.09426,-0.15064,0.01851,0.11541,-0.07395,0,,
2025-05-12,205,11967.38,58.38,0.07,165,16,0.078,11602.67,1343290,17633,408,76303.33,6.576,8324,6948,0.427,3.12,202.6,0.0229,190,49167,416,0,1,0.11258,-0.13681,0.02642,0.11704,-0.05551,0,,
2025-05-13,199,11062.74,55.59,0.07,138,15,0.0754,13711.08,1393906,21819,1233,133794.25,9.758,8253,7174,0.475,3.72,153.3,0.0234,193,49126,404,0,0,0.01972,-0.10661,0.00551,0.11864,-0.05821,0,,
2025-05-14,199,10794.69,54.24,0.07,119,15,0.0754,13267.19,1249706,39881,3573,161347.87,12.161,8220,6508,0.448,3.13,172.2,0.0241,198,49613,490,0,6,-0.02518,-0.06136,0.03163,0.1202,-0.02574,0,,
2025-05-15,206,11174.69,54.25,0.075,166,16,0.0777,11828.42,1058594,24833,2775,287833.47,24.334,8477,7307,0.44,2.85,183.3,0.0258,218,48137,397,0,1,-0.02513,0.05301,-0.02863,0.12173,-0.12418,0,,
2025-05-16,201,10493.28,52.21,0.076,138,15,0.0746,13436.76,1570902,19826,921,97063.33,7.224,8483,7454,0.433,2.56,156.5,0.026,220,47654,481,2,5,-0.09315,0.06499,0.02726,0.12322,-0.15634,0,,
2025-05-17,195,10209.77,52.36,0.07,146,15,0.0769,12399.31,1879001,69565,3805,283845.88,22.892,8178,6309,0.411,2.81,218.3,0.0243,198,48257,266,0,3,-0.08807,-0.04432,0.00141,0.12468,-0.11619,0,,
2025-05-18,198,10192.56,51.48,0.074,129,15,0.0758,11776.33,1073639,22172,2261,280956.39,23.858,8352,6580,0.403,3.12,156.2,0.0256,213,50100,294,0,4,-0.11741,0.04041,0.00992,0.12609,0.00671,0,,
2025-05-19,197,10092.97,51.23,0.074,153,15,0.0761,13635.54,2283795,41247,2677,454522.34,33.334,8361,6530,0.392,3.77,145.7,0.0256,214,50392,357,0,7,-0.12556,0.04306,-0.00253,0.12747,0.0262,0,,
2025-05-20,192,9798.83,51.04,0.07,161,15,0.0781,12154.95,1862442,39618,3365,185017.29,15.222,8151,6826,0.44,3.4,182.3,0.0244,198,50301,403,0,3,-0.13215,-0.03877,0.01068,0.12881,0.02009,0,,
2025-05-21,192,9865.28,51.38,0.07,147,15,0.0781,11629.52,1932500,37756,2459,243048.78,20.899,8163,6024,0.387,2.38,174.9,0.0243,198,49716,473,0,2,-0.12061,-0.04723,0.03678,0.13012,-0.0189,0,,
2025-05-22,187,9502.15,50.81,0.07,152,14,0.0749,13241.6,1978255,58653,3503,483241.62,36.494,8151,6031,0.407,3.44,172.2,0.0233,189,49174,389,0,4,-0.13954,-0.1113,0.01023,0.13138,-0.05503,0,,
2025-05-23,197,10056.23,51.05,0.075,156,15,0.0761,11859.04,1556410,21779,1308,258214.23,21.774,8380,7044,0.383,2.8,209.0,0.0257,215,49098,429,0,3,-0.13177,0.04589,0.03331,0.13261,-0.06009,0,,
2025-05-24,194,9786.15,50.44,0.072,143,15,0.0773,12242.24,1410709,42266,1532,297178.56,24.275,8228,6512,0.338,2.99,204.0,0.0253,208,48522,390,0,3,-0.15186,0.01718,0.02282,0.1338,-0.09848,0,,
2025-05-25,187,9583.38,51.25,0.07,117,14,0.0749,11534.44,1952488,96171,11471,1898124.27,164.561,8169,6093,0.35,2.63,207.3,0.0231,188,48831,391,0,5,-0.12507,-0.12468,0.00104,0.13494,-0.07791,0,,
2025-05-26,195,10411.67,53.39,0.07,155,15,0.0769,13050.8,2468175,36130,1825,178311.6,13.663,8229,6824,0.44,2.96,186.3,0.0236,194,49002,359,0,3,-0.05356,-0.09099,-0.00573,0.13605,-0.0665,0,,
2025-05-27,193,10359.78,53.68,0.07,133,15,0.0777,13123.76,2354847,46313,2514,384108.49,29.268,8238,6956,0.464,2.83,168.4,0.0229,188,50918,457,0,4,-0.04408,-0.13998,-0.03558,0.13712,0.06122,0,,
2025-05-28,200,10784.23,53.92,0.07,162,16,0.08,13853.63,2558740,32177,3078,576953.9,41.646,8247,6757,0.46,3.31,199.9,0.0245,202,50747,252,0,2,-0.03596,-0.03577,-0.05767,0.13815,0.04984,0,,
2025-05-29,197,10353.67,52.56,0.07,161,15,0.0761,12968.53,1666984,21972,1329,237346.98,18.302,8213,6837,0.399,3.08,171.9,0.0247,202,51666,262,0,3,-0.08144,-0.02275,-0.02631,0.13913,0.11112,0,,
2025-05-30,192,10264.71,53.46,0.07,115,15,0.0781,12728.18,2307066,108714,5898,842174.56,66.166,8239,6231,0.414,3.16,207.6,0.0228,187,51114,273,0,2,-0.05127,-0.14497,-0.02952,0.14008,0.07428,0,,
2025-05-31,189,9941.11,52.6,0.07,145,15,0.0794,12742.79,1830078,56405,1463,70547.09,5.536,8217,6706,0.332,3.14,161.2,0.0225,184,51853,388,0,1,-0.08005,-0.16553,0.0062,0.14098,0.1236,0,,
2025-06-01,183,9461.08,51.7,0.07,109,14,0.0765,13685.44,1423666,50127,3895,404851.33,29.583,8195,6993,0.401,3.09,169.0,0.0216,177,53831,340,0,3,-0.11,-0.22515,0.01884,0.14184,0.25545,0,,
2025-06-02,183,9601.62,52.47,0.07,122,14,0.0765,12690.38,1975575,60275,5804,475990.88,37.508,8217,6839,0.445,3.3,181.5,0.0212,174,52891,430,0,5,-0.08441,-0.25568,-0.01288,0.14266,0.19277,0,,
2025-06-03,183,9655.27,52.76,0.07,125,15,0.082,11987.84,1627247,43537,3009,567128.33,47.309,8227,6553,0.43,3.22,167.6,0.0209,171,51545,276,0,4,-0.07463,-0.27518,-0.06917,0.14344,0.10301,0,,
2025-06-04,180,9748.23,54.16,0.07,138,15,0.0833,12998.88,2386598,98732,8569,1254170.73,96.483,8265,6826,0.431,3.45,168.3,0.0192,158,52341,358,0,4,-0.02811,-0.38828,-0.08633,0.14417,0.15611,0,,
2025-06-05,188,10511.75,55.91,0.07,158,15,0.0798,13759.14,2027077,52838,4949,615836.28,44.758,8314,7284,0.423,3.13,162.1,0.02,166,52146,275,0,4,0.03045,-0.33571,-0.07409,0.14486,0.14311,0,,
2025-06-06,184,10163.89,55.24,0.07,137,15,0.0815,12720.16,2195894,70758,3392,545104.13,42.854,8297,6661,0.411,3.13,164.8,0.0195,161,51694,389,0,3,0.00795,-0.36345,-0.07012,0.14551,0.11294,0,,
2025-06-07,183,10135.54,55.39,0.07,152,15,0.082,12198.74,2148481,78838,5775,358063.74,29.353,8302,6249,0.458,2.64,195.9,0.0192,159,51925,428,0,1,0.01285,-0.38966,-0.09152,0.14612,0.12838,0,,
2025-06-08,194,11152.36,57.49,0.07,163,15,0.0773,12162.22,1266787,44128,3336,253990.49,20.884,8359,6915,0.397,3.22,198.6,0.0205,171,51992,324,0,6,0.08288,-0.29806,-0.05656,0.14668,0.13281,0,,
2025-06-09,207,12124.33,58.57,0.07,157,17,0.0821,12871.42,2506944,115788,6908,1322876.2,102.776,8389,7227,0.398,2.75,180.1,0.023,192,52897,269,0,5,0.11905,-0.13547,-0.1061,0.1472,0.19314,0,,
2025-06-10,207,12279.27,59.32,0.07,154,17,0.0821,13167.41,1954684,34102,3147,162759.4,12.361,8410,6850,0.439,3.27,205.3,0.0225,189,52962,295,0,3,0.14401,-0.16596,-0.13856,0.14767,0.19751,0,,
2025-06-11,219,13306.0,60.76,0.07,159,18,0.0822,11782.29,1753794,53242,1505,256659.23,21.783,8449,6437,0.443,3.35,175.1,0.0247,208,52139,403,0,4,0.19193,-0.02252,-0.12781,0.1481,0.14266,0,,
2025-06-12,209,12510.68,59.86,0.07,152,17,0.0813,13099.17,1480265,54738,4918,609892.19,46.56,8426,6265,0.454,2.7,186.4,0.0225,189,50936,278,0,5,0.16199,-0.1642,-0.05561,0.14849,0.06242,0,,
2025-06-13,214,12942.26,60.48,0.07,131,17,0.0794,13171.35,2086169,67316,3000,509167.3,38.657,8443,6181,0.43,2.98,176.7,0.0234,197,49327,373,0,3,0.18259,-0.10839,-0.04041,0.14883,-0.04483,0,,
2025-06-14,216,13393.0,62.0,0.07,133,17,0.0787,13398.04,1173987,22283,2283,387082.95,28.891,8485,7268,0.449,3.26,181.8,0.0229,194,48488,297,0,4,0.23349,-0.1383,-0.06854,0.14913,-0.1008,1,fraud_attack,refunds
2025-06-15,221,14086.44,63.74,0.07,151,18,0.0814,13435.01,1946910,60689,2398,360798.21,26.855,8531,6677,0.406,3.46,187.4,0.0231,197,49696,416,0,1,0.29132,-0.12965,-0.04734,0.14939,-0.02024,0,,
2025-06-16,214,13377.13,62.51,0.07,128,17,0.0794,11749.32,1779307,69355,2551,401017.37,34.131,8499,7410,0.375,3.26,156.1,0.0222,188,48491,319,1,2,0.25033,-0.18574,-0.02447,0.1496,-0.1006,0,,
2025-06-17,212,13140.32,61.98,0.07,157,16,0.0755,13646.13,2091313,45623,4216,267147.09,19.577,8485,7323,0.453,2.97,227.3,0.0219,185,48759,372,0,4,0.23275,-0.2088,0.00489,0.14977,-0.08269,0,,
2025-06-18,212,13193.27,62.23,0.07,172,17,0.0802,13675.08,1792473,21372,2417,249776.69,18.265,8492,6604,0.437,3.29,158.6,0.0219,185,50041,275,0,1,0.24108,-0.20995,-0.00765,0.14989,0.00278,0,,
2025-06-19,210,12950.42,61.67,0.07,157,17,0.081,13368.91,1717632,45072,3485,154892.41,11.586,8477,7402,0.443,3.39,189.2,0.0218,184,50599,485,0,2,0.22229,-0.21324,-0.03126,0.14997,0.03995,0,,
2025-06-20,212,12931.66,61.0,0.07,166,17,0.0802,11717.35,1710324,43291,2878,310712.16,26.517,8459,6297,0.389,3.18,237.5,0.0226,191,51929,523,0,4,0.19995,-0.16312,-0.02615,0.15,0.12861,0,,
2025-06-21,224,13807.2,61.64,0.072,179,18,0.0804,12704.02,2326610,97579,1968,232316.62,18.287,8554,6521,0.369,3.52,181.7,0.0252,215,52393,481,0,2,0.22131,0.01604,-0.01238,0.14999,0.15955,0,,
2025-06-22,220,13423.52,61.02,0.07,165,17,0.0773,13984.03,1619529,40601,4845,330407.42,23.627,8460,6195,0.47,3.21,176.9,0.0246,208,53539,441,0,7,0.20053,-0.02995,0.03618,0.14993,0.236,0,,
2025-06-23,213,12500.97,58.69,0.07,178,16,0.0751,13859.88,1642551,17751,1427,157179.5,11.341,8398,7053,0.415,3.21,215.9,0.0244,204,52640,499,0,4,0.123,-0.03776,0.09706,0.14983,0.17604,0,,
2025-06-24,207,12215.8,59.01,0.07,157,15,0.0725,13349.58,1204227,30053,2838,441201.18,33.05,8406,6784,0.446,3.61,238.1,0.0227,190,51622,425,0,3,0.13378,-0.15643,0.07022,0.14969,0.10818,0,,
2025-06-25,195,11384.83,58.38,0.07,148,15,0.0769,12117.69,1515530,28270,3118,242854.23,20.041,8389,6202,0.455,3.18,201.8,0.0202,169,53208,388,0,1,0.11279,-0.31716,0.05102,0.1495,0.21388,0,,
2025-06-26,201,11538.28,57.4,0.07,140,15,0.0746,11690.56,1787545,67099,6249,474267.5,40.568,8362,7182,0.452,2.79,193.9,0.0222,185,53168,441,0,1,0.08015,-0.18806,0.04656,0.14927,0.21125,0,,
2025-06-27,191,10591.59,55.45,0.07,160,14,0.0733,12013.2,999505,10207,611,110884.61,9.23,8310,7073,0.42,3.07,146.3,0.0211,175,52905,325,0,5,0.01511,-0.26231,0.03674,0.14899,0.19373,0,,
2025-06-28,193,10934.68,56.66,0.07,150,15,0.0777,13390.2,2436297,25209,933,107637.87,8.039,8341,7140,0.482,3.61,220.6,0.0207,172,52088,277,0,4,0.05521,-0.28827,0.04947,0.14867,0.13924,0,,
2025-06-29,187,10085.68,53.93,0.07,124,14,0.0749,13356.48,1646145,26884,822,45381.42,3.398,8268,6824,0.483,3.23,179.0,0.0211,174,53302,261,0,2,-0.03553,-0.25796,0.06157,0.1483,0.22019,0,,
2025-06-30,187,9710.33,51.93,0.07,112,14,0.0749,13580.88,1357278,63787,1556,266583.21,19.629,8213,6776,0.395,2.76,196.0,0.0225,184,53376,433,0,1,-0.10244,-0.1684,0.06623,0.14789,0.22508,0,,
2025-07-01,189,9769.05,51.69,0.07,143,14,0.0741,12448.12,1332522,59483,5640,923842.06,74.215,8206,5959,0.416,3.52,175.9,0.0231,189,53452,229,0,1,-0.1104,-0.12949,0.10324,0.14744,0.23019,0,,
2025-07-02,202,10758.96,53.26,0.071,157,15,0.0743,12932.51,1964439,75319,5629,934588.23,72.267,8315,6411,0.378,3.58,174.9,0.0252,209,52498,476,0,3,-0.05793,0.0141,0.09332,0.14694,0.1666,0,,
2025-07-03,205,11251.62,54.89,0.07,168,15,0.0732,12081.82,1740864,58827,1416,78324.58,6.483,8289,7256,0.432,3.07,199.0,0.025,207,52310,381,0,4,-0.0038,-9e-05,0.05713,0.1464,0.15405,0,,
2025-07-04,194,10379.66,53.5,0.07,130,15,0.0773,12254.64,2108958,80656,8897,682348.97,55.681,8251,6978,0.389,3.11,191.5,0.0231,190,51688,439,0,0,-0.04989,-0.12806,0.00746,0.14582,0.11257,0,,
2025-07-05,195,10400.35,53.34,0.07,165,15,0.0769,13642.68,1887827,70252,4753,756362.97,55.441,8245,6113,0.462,2.79,225.1,0.0234,192,51431,348,0,0,-0.05549,-0.10553,-0.02376,0.14519,0.09546,0,,
2025-07-06,191,9850.36,51.57,0.07,132,15,0.0785,13142.25,1334705,41813,3858,212381.73,16.16,8197,7192,0.388,3.21,138.9,0.0237,194,51581,405,0,1,-0.11425,-0.08661,-0.0539,0.14452,0.10546,0,,
2025-07-07,192,10154.65,52.89,0.07,115,16,0.0833,14077.92,2137113,73310,8496,1470867.29,104.48,8231,6998,0.479,3.77,188.1,0.023,189,50971,316,0,2,-0.07037,-0.13527,-0.10771,0.14381,0.06476,0,,
2025-07-08,186,9519.53,51.18,0.07,119,15,0.0806,12503.09,1721787,66855,6092,441250.9,35.291,8184,5940,0.443,3.07,181.0,0.0228,186,50137,460,0,2,-0.12732,-0.14503,-0.08242,0.14305,0.00918,0,,
2025-07-09,185,9457.76,51.12,0.07,118,15,0.0811,13941.33,1287897,45596,4524,373095.41,26.762,8181,6839,0.446,3.27,190.8,0.0224,183,50857,461,0,4,-0.12923,-0.17158,-0.07275,0.14225,0.05715,0,,
2025-07-10,196,10285.87,52.48,0.07,154,16,0.0816,13401.36,1249852,62465,7132,1308399.02,97.632,8215,6732,0.41,3.43,182.0,0.0245,201,49881,362,0,4,-0.08404,-0.033,-0.08179,0.14141,-0.0079,0,,
2025-07-11,194,10143.81,52.29,0.07,117,16,0.0825,13306.44,1723415,75104,2801,118236.67,8.886,8208,6419,0.516,2.75,174.8,0.0239,196,51173,354,0,4,-0.09041,-0.07259,-0.1044,0.14053,0.07825,0,,
2025-07-12,193,10447.71,54.13,0.07,120,16,0.0829,12878.62,2432380,54609,5461,366277.8,28.441,8256,6929,0.444,2.98,194.1,0.0226,186,52431,410,0,4,-0.02889,-0.16288,-0.14661,0.13961,0.16213,0,,
2025-07-13,192,10198.12,53.12,0.07,155,16,0.0833,11946.79,1668178,61197,1856,118771.22,9.942,8227,6757,0.37,3.19,188.4,0.0231,190,50929,472,0,6,-0.06283,-0.12703,-0.16687,0.13864,0.06199,0,,
2025-07-14,187,10025.97,53.61,0.07,156,15,0.0802,13731.65,1690899,42155,2098,193395.37,14.084,8238,7065,0.439,2.99,174.2,0.0214,176,52287,356,0,1,-0.04617,-0.24188,-0.10309,0.13764,0.15249,0,,
2025-07-15,193,10553.3,54.68,0.07,121,16,0.0829,11942.35,1388220,14493,1666,99645.22,8.344,8264,6456,0.428,3.65,168.7,0.0222,183,51310,443,0,3,-0.01066,-0.1878,-0.16426,0.13659,0.08736,0,,
2025-07-16,195,10631.83,54.52,0.07,117,16,0.0821,13633.01,1616696,25076,1801,337387.32,24.748,8258,5956,0.44,3.32,160.0,0.0229,189,52355,354,0,2,-0.01593,-0.14053,-0.15179,0.1355,0.15705,0,,
2025-07-17,197,11071.43,56.2,0.07,142,16,0.0812,13539.48,1599634,63632,2204,285894.01,21.116,8300,6474,0.433,2.76,194.1,0.0222,184,51588,468,0,3,0.04,-0.18558,-0.12189,0.13438,0.1059,0,,
2025-07-18,197,11193.91,56.82,0.07,129,16,0.0812,13269.21,1203092,47275,2213,322543.99,24.308,8315,7148,0.419,3.58,172.8,0.0219,182,52111,247,0,2,0.06073,-0.20621,-0.11171,0.13321,0.14074,0,,
2025-07-19,191,10467.24,54.8,0.07,125,16,0.0838,13934.3,1313419,29148,1957,78420.76,5.628,8258,7162,0.451,3.52,178.1,0.0216,178,50954,430,0,3,-0.00659,-0.22763,-0.11563,0.132,0.06362,0,,
2025-07-20,211,12566.85,59.56,0.07,140,17,0.0806,12420.74,1007497,26894,545,71069.35,5.722,8383,6980,0.461,2.99,184.6,0.0236,197,51439,269,0,2,0.15195,-0.09182,-0.08681,0.13076,0.09594,0,,
2025-07-21,215,12943.03,60.2,0.07,148,18,0.0837,12848.27,2203661,51539,2448,403997.67,31.444,8397,6380,0.392,3.56,155.8,0.0242,203,51369,370,0,2,0.17334,-0.05499,-0.11557,0.12947,0.09129,0,,
2025-07-22,210,12636.32,60.17,0.07,167,17,0.081,11616.59,1471518,16923,1913,318387.3,27.408,8394,7362,0.432,3.56,161.9,0.023,193,52650,335,0,3,0.17243,-0.13376,-0.09312,0.12815,0.17669,0,,
2025-07-23,201,11726.18,58.34,0.07,135,16,0.0796,12574.67,1719908,37251,3689,279327.62,22.214,8342,6935,0.382,2.94,169.3,0.0219,182,53037,290,0,2,0.11131,-0.20771,-0.04555,0.12679,0.20252,0,,
2025-07-24,202,11784.1,58.34,0.07,170,16,0.0792,13199.94,2393174,65878,7611,547413.59,41.471,8339,6251,0.427,3.2,159.7,0.0221,184,51907,275,0,1,0.11124,-0.19237,-0.07451,0.12539,0.12718,0,,
2025-07-25,201,11594.71,57.69,0.07,157,16,0.0796,12563.51,1884171,93256,4149,546325.51,43.485,8319,6802,0.449,3.02,162.9,0.0224,186,51994,373,0,2,0.0895,-0.17406,-0.09538,0.12395,0.133,0,,
2025-07-26,201,11733.93,58.38,0.07,145,16,0.0796,12936.72,2585875,99538,10437,995920.31,76.984,8335,6679,0.384,3.19,219.2,0.0218,181,51186,378,0,1,0.11259,-0.21044,-0.08653,0.12248,0.07909,0,,
2025-07-27,204,11979.38,58.72,0.07,134,16,0.0784,11964.13,1489660,67844,3988,698817.32,58.409,8341,6747,0.431,3.58,176.6,0.0225,187,51242,405,0,5,0.12408,-0.16901,-0.05252,0.12097,0.0828,0,,
2025-07-28,210,12775.22,60.83,0.07,169,16,0.0762,12139.36,1688208,54709,5156,595320.29,49.041,8394,6957,0.496,3.42,165.6,0.0225,188,52501,445,0,2,0.19448,-0.16592,-0.00972,0.11943,0.16675,0,,
2025-07-29,215,13078.46,60.83,0.07,171,17,0.0791,12569.48,1756777,86953,3783,163154.89,12.98,8391,6191,0.389,2.74,194.6,0.0239,200,53639,416,0,0,0.19434,-0.07395,0.01119,0.11785,0.24261,0,,
2025-07-30,219,13418.43,61.27,0.07,168,17,0.0776,13019.87,1075644,45908,4422,394954.46,30.335,8399,6901,0.5,3.36,195.3,0.0245,205,53386,457,0,1,0.20905,-0.03594,-0.00946,0.11623,0.22578,0,,
2025-07-31,219,13475.11,61.53,0.07,180,17,0.0776,13498.77,2582190,41607,2937,392255.45,29.059,8403,6332,0.393,3.17,182.3,0.0244,205,52292,407,0,2,0.21767,-0.03887,-0.04242,0.11458,0.15281,0,,
2025-08-01,219,13393.18,61.16,0.07,184,17,0.0776,12644.08,1138317,12195,1128,76073.54,6.017,8389,6292,0.406,3.27,207.6,0.0246,206,52124,401,0,3,0.2052,-0.02549,-0.03301,0.1129,0.14161,0,,
2025-08-02,214,13000.78,60.75,0.07,161,17,0.0794,12158.26,1693943,37112,4439,341513.45,28.089,8375,7253,0.44,3.56,174.0,0.0237,198,53766,362,0,2,0.19171,-0.08473,-0.01941,0.11118,0.25107,0,,
2025-08-03,221,13679.89,61.9,0.07,147,18,0.0814,12642.29,2369603,98582,3919,390068.75,30.854,8402,7098,0.432,3.41,177.3,0.0248,208,53236,445,0,4,0.23,-0.01432,-0.05145,0.10943,0.21577,0,,
2025-08-04,225,14091.53,62.63,0.071,161,18,0.08,12157.07,1316593,43356,4194,728047.78,59.887,8485,6649,0.444,3.63,193.0,0.0252,213,51587,327,0,4,0.2543,0.01393,-0.04709,0.10765,0.10581,0,,
2025-08-05,220,13561.86,61.64,0.07,135,17,0.0773,13943.07,2180199,43885,2852,547624.24,39.276,8388,6628,0.41,3.87,206.8,0.0248,208,50198,463,0,4,0.22149,-0.01665,-0.03477,0.10584,0.01324,0,,
2025-08-06,217,13043.73,60.11,0.07,134,17,0.0783,11459.21,1992263,63702,6260,413448.92,36.08,8344,6551,0.407,3.13,207.7,0.0249,207,49148,444,0,5,0.17031,-0.00674,-0.00168,0.10399,-0.05679,0,,
2025-08-07,214,12813.29,59.88,0.07,155,17,0.0794,13172.77,1157152,27523,2524,164391.7,12.48,8334,6464,0.452,3.2,188.4,0.0243,202,50254,522,0,4,0.16251,-0.04363,-0.03131,0.10212,0.01694,0,,
2025-08-08,228,13935.96,61.12,0.083,168,18,0.0789,13587.58,2594792,48197,5437,244744.2,18.012,9010,7596,0.394,3.22,208.7,0.027,243,49957,512,0,3,0.20409,0.13483,-0.01304,0.10021,-0.00287,0,,
2025-08-09,225,13703.83,60.91,0.079,181,18,0.08,12751.27,2449915,80252,5734,617717.81,48.444,8784,6887,0.44,3.46,180.8,0.0263,231,49334,393,0,4,0.19686,0.08976,-0.04746,0.09827,-0.04435,0,,
2025-08-10,231,14512.45,62.82,0.082,178,19,0.0823,13666.41,2687451,41806,3233,162032.87,11.856,8963,7611,0.467,3.37,172.0,0.0268,240,49766,413,0,2,0.26082,0.1171,-0.05789,0.09631,-0.01556,0,,
2025-08-11,229,14120.06,61.66,0.083,180,18,0.0786,14460.67,2530453,69015,2199,219324.66,15.167,8994,7819,0.388,3.35,162.3,0.027,242,50693,332,0,3,0.22199,0.1309,-0.05734,0.09431,0.04627,0,,
2025-08-12,225,13866.71,61.63,0.076,188,18,0.08,13744.44,1901399,52532,5818,770868.34,56.086,8658,6921,0.376,2.84,175.5,0.0259,224,50512,520,0,4,0.22099,0.06193,-0.00894,0.09229,0.03416,0,,
2025-08-13,216,12616.86,58.41,0.076,181,16,0.0741,13997.71,2039940,45644,4099,710520.26,50.76,8540,7222,0.429,3.28,199.3,0.0258,220,49770,399,0,3,0.11371,0.05613,0.09094,0.09024,-0.01533,0,,
2025-08-14,212,12209.98,57.59,0.073,144,16,0.0755,12204.29,1998381,80680,5292,616437.03,50.51,8380,6210,0.369,2.73,176.1,0.0254,212,50022,315,0,1,0.08647,0.02805,0.094,0.08817,0.0015,0,,
2025-08-15,211,12057.69,57.15,0.074,136,16,0.0758,13641.75,1570709,63270,7268,958530.72,70.264,8434,6727,0.418,3.54,168.7,0.0256,215,50784,390,0,3,0.07152,0.04271,0.10416,0.08607,0.0523,0,,
2025-08-16,213,12288.87,57.69,0.076,139,15,0.0704,13672.71,1276190,36744,2957,533843.45,39.044,8510,7280,0.425,3.17,177.9,0.0258,219,49247,441,0,6,0.08981,0.05638,0.12918,0.08394,-0.05018,0,,
2025-08-17,221,13186.23,59.67,0.08,142,16,0.0724,13548.1,1564683,47417,4583,196203.66,14.482,8789,7121,0.449,3.37,175.4,0.0266,233,48119,313,2,4,0.15554,0.10448,0.08187,0.08179,-0.12536,0,,
2025-08-18,224,13343.26,59.57,0.085,156,17,0.0759,14107.32,1769178,84289,8341,370536.61,26.266,8995,7654,0.403,3.22,226.8,0.0272,244,50159,512,0,3,0.15227,0.14884,0.10074,0.07961,0.01066,0,,
2025-08-19,225,13764.55,61.18,0.081,171,17,0.0756,13144.16,2375929,69852,7891,1452536.3,110.508,8825,6615,0.39,2.83,145.7,0.0266,234,50560,455,0,3,0.20586,0.10546,0.05846,0.07741,0.03736,0,,
2025-08-20,224,13839.74,61.78,0.076,151,16,0.0714,12735.62,1913779,30584,1637,297435.57,23.355,8610,6855,0.451,3.19,221.3,0.0259,222,50849,449,0,4,0.22615,0.05817,0.10441,0.07519,0.05661,0,,
2025-08-21,224,14059.27,62.76,0.071,144,16,0.0714,13743.57,2445733,75629,8839,560862.27,40.809,8406,6804,0.45,3.55,166.9,0.0252,211,49534,521,0,2,0.25882,0.01107,0.14249,0.07294,-0.031,0,,
2025-08-22,218,13509.96,61.97,0.07,160,16,0.0734,12773.04,1467827,31888,1368,259520.84,20.318,8327,6513,0.376,3.15,207.2,0.0242,201,48743,290,0,4,0.23241,-0.05041,0.15041,0.07067,-0.08375,0,,
2025-08-23,215,13636.4,63.43,0.07,134,16,0.0744,11756.89,1547260,32931,2795,420637.09,35.778,8361,6724,0.467,3.5,185.3,0.0225,188,48692,269,0,1,0.28084,-0.16737,0.11869,0.06839,-0.08719,0,,
2025-08-24,214,13243.35,61.88,0.07,166,15,0.0701,11595.48,1935932,79408,6632,524441.63,45.228,8315,7058,0.464,3.49,173.4,0.0234,194,49998,272,0,5,0.22949,-0.10838,0.1628,0.06608,-7e-05,0,,
2025-08-25,215,13388.58,62.27,0.07,165,15,0.0698,12517.69,1588779,64337,3216,235695.84,18.829,8321,6717,0.415,3.47,200.9,0.0235,195,50112,452,0,4,0.24242,-0.10311,0.16245,0.06375,0.00748,0,,
2025-08-26,211,12852.39,60.91,0.07,152,15,0.0711,12114.16,2102250,29920,3162,514691.08,42.487,8280,7102,0.44,2.86,181.3,0.0234,193,48680,486,0,3,0.19706,-0.10759,0.15763,0.0614,-0.08796,0,,
2025-08-27,203,12202.87,60.11,0.07,156,14,0.069,13674.8,1584944,64107,1428,80908.46,5.917,8254,6156,0.412,3.3,151.6,0.0218,179,50244,308,0,1,0.17042,-0.21287,0.16714,0.05904,0.0163,0,,
2025-08-28,193,11233.68,58.21,0.07,154,14,0.0725,13582.73,2244468,75949,6508,939465.77,69.166,8198,7124,0.396,3.54,134.3,0.0206,168,51661,433,0,4,0.10685,-0.29666,0.10741,0.05666,0.11077,0,,
2025-08-29,182,10463.15,57.49,0.07,117,13,0.0714,12644.75,2406503,110311,6177,501923.39,39.694,8174,6916,0.471,3.22,175.0,0.0184,150,52272,247,0,8,0.08299,-0.44307,0.11489,0.05426,0.15148,0,,
2025-08-30,185,10699.75,57.84,0.07,128,13,0.0703,13586.28,1679624,67636,7595,1483020.56,109.156,8179,7129,0.412,2.94,202.7,0.0189,154,51045,274,0,2,0.09455,-0.40597,0.13903,0.05184,0.06972,0,,
2025-08-31,189,10899.41,57.67,0.07,158,14,0.0741,12739.19,1637692,52478,5699,1060331.92,83.234,8169,6404,0.408,3.36,198.5,0.0202,165,50371,280,0,1,0.08896,-0.31853,0.14225,0.04941,0.02475,0,,
2025-09-01,189,10578.61,55.97,0.07,119,14,0.0741,13000.83,1385843,20398,2445,199479.34,15.344,8119,7009,0.502,3.76,161.4,0.0213,172,50114,271,0,2,0.03238,-0.24508,0.1395,0.04697,0.0076,0,,
2025-09-02,195,11252.91,57.71,0.07,159,14,0.0718,13632.29,2304657,34100,3435,493259.98,36.183,8161,6318,0.429,2.87,215.9,0.0216,176,50240,403,0,2,0.09024,-0.22604,0.10391,0.04451,0.01604,0,,
2025-09-03,193,11199.92,58.03,0.07,136,14,0.0725,13537.74,2650847,107904,4774,737853.92,54.503,8164,5904,0.453,3.46,212.9,0.0208,169,51842,326,0,6,0.10102,-0.27894,0.11802,0.04203,0.12285,0,,
2025-09-04,197,11652.44,59.15,0.07,154,14,0.0711,11911.7,1826234,77051,8371,935832.51,78.564,8189,6380,0.435,3.29,221.4,0.0212,173,50440,459,0,2,0.13831,-0.25168,0.11814,0.03955,0.02934,0,,
2025-09-05,201,12053.41,59.97,0.07,167,15,0.0746,11396.0,1478696,48900,2103,178675.08,15.679,8206,6199,0.409,3.33,189.8,0.0216,177,49774,350,0,4,0.16557,-0.22635,0.1125,0.03705,-0.015,0,,
2025-09-06,202,11922.11,59.02,0.07,147,15,0.0743,11751.09,2001901,72653,6440,456971.57,38.888,8176,6813,0.402,3.67,172.3,0.0227,185,49811,397,0,2,0.13401,-0.15431,0.08998,0.03455,-0.01255,0,,
2025-09-07,200,11313.14,56.57,0.07,160,15,0.075,11305.2,1816474,29551,1869,331662.77,29.337,8105,5958,0.403,2.89,151.9,0.0237,192,49346,284,0,2,0.05219,-0.08527,0.11117,0.03203,-0.04357,0,,
2025-09-08,196,10862.36,55.42,0.07,138,14,0.0714,12786.04,1787272,29728,1673,185491.98,14.507,8070,6674,0.429,3.0,204.2,0.0236,190,48988,254,0,1,0.01401,-0.09538,0.14302,0.0295,-0.06744,0,,
2025-09-09,200,11375.56,56.88,0.07,159,14,0.07,11755.94,1339266,23131,2717,448211.45,38.126,8104,7040,0.472,3.36,158.3,0.0237,192,47801,284,0,1,0.06259,-0.08827,0.14752,0.02696,-0.14658,0,,
2025-09-10,200,11111.44,55.56,0.07,127,14,0.07,12843.31,1217713,14529,449,67578.03,5.262,8063,5985,0.426,3.87,180.7,0.0245,197,48116,292,0,3,0.01857,-0.03071,0.16704,0.02442,-0.12554,0,,
2025-09-11,205,11586.55,56.52,0.07,132,14,0.0683,12952.34,1424771,67331,6919,928143.58,71.658,8105,5847,0.415,2.62,174.0,0.0251,203,48064,265,1,4,0.05066,0.00437,0.19847,0.02187,-0.12905,0,,
2025-09-12,202,11259.33,55.74,0.07,152,14,0.0693,13273.37,1166955,30227,3446,414444.63,31.224,8058,6086,0.462,3.33,195.4,0.0249,200,48464,415,0,1,0.02464,-0.00802,0.23619,0.01931,-0.10239,0,,
2025-09-13,194,10900.63,56.19,0.07,121,13,0.067,12943.98,1222124,44885,1698,100062.51,7.73,8065,6016,0.429,3.2,142.4,0.0226,182,49482,265,0,1,0.03963,-0.15902,0.23115,0.01675,-0.03447,0,,
2025-09-14,186,10037.39,53.96,0.07,152,13,0.0699,12047.72,1720436,70103,4006,576288.84,47.834,8000,5858,0.478,3.66,196.0,0.0222,177,49315,294,0,2,-0.03452,-0.18968,0.2132,0.01418,-0.04562,0,,
2025-09-15,194,10746.82,55.4,0.07,152,14,0.0722,12569.35,1667485,67175,6313,391081.09,31.114,8033,6802,0.422,3.15,161.1,0.0233,187,49295,349,0,3,0.0132,-0.112,0.19009,0.01161,-0.04699,0,,
2025-09-16,195,10790.62,55.34,0.07,128,14,0.0718,11593.29,1587147,19077,819,79109.49,6.824,8027,6405,0.418,3.41,182.0,0.0236,189,49625,371,0,3,0.01122,-0.09031,0.181,0.00903,-0.02494,0,,
2025-09-17,203,11447.05,56.39,0.07,131,14,0.069,11877.89,1406018,67961,2744,137208.93,11.552,44274,34377,0.416,3.23,177.9,0.0248,1097,49276,324,0,2,0.04631,-0.01456,0.1885,0.00645,-0.04826,1,bot_traffic_surge,sessions
2025-09-18,202,11428.26,56.58,0.07,164,14,0.0693,11784.07,2302203,108805,6899,528261.33,44.828,8049,6870,0.394,3.4,197.2,0.0244,196,49546,370,0,7,0.05252,-0.03727,0.20722,0.00387,-0.0302,0,,
2025-09-19,205,11784.62,57.49,0.07,134,14,0.0683,12067.85,1814266,58846,2211,125513.41,10.401,8068,6095,0.475,3.28,197.8,0.0246,198,48049,312,0,3,0.08287,-0.02793,0.18406,0.00129,-0.13004,0,,
2025-09-20,207,11858.84,57.29,0.073,160,15,0.0725,11348.8,2038215,98798,7979,1540276.85,135.722,8204,6449,0.409,3.7,188.4,0.0255,209,47521,314,0,2,0.0763,0.03041,0.17935,-0.00129,-0.16521,0,,
2025-09-21,212,12319.83,58.11,0.078,137,15,0.0708,13266.51,1883694,74300,1911,206498.71,15.565,8437,7379,0.403,3.13,175.6,0.0261,220,48281,294,0,3,0.10375,0.07552,0.14049,-0.00387,-0.11458,0,,
2025-09-22,208,11691.17,56.21,0.08,167,15,0.0721,12784.23,2376758,52870,4375,821319.49,64.245,8477,6336,0.434,3.18,196.9,0.0264,223,48671,295,0,2,0.04025,0.09539,0.17138,-0.00645,-0.0886,0,,
2025-09-23,209,11468.77,54.87,0.086,172,15,0.0718,12766.87,1935998,41622,3532,250048.29,19.586,8756,6947,0.403,2.98,180.9,0.0274,239,49567,288,0,2,-0.00418,0.16207,0.15107,-0.00903,-0.02882,0,,
2025-09-24,215,11986.0,55.75,0.094,166,15,0.0698,13573.43,2504721,93154,9673,1495606.7,110.186,9145,6801,0.472,3.33,173.4,0.0286,261,48436,304,0,4,0.02496,0.23933,0.15425,-0.01161,-0.10425,0,,
2025-09-25,220,12249.46,55.68,0.101,140,16,0.0727,13016.11,2321510,74788,8579,1371934.85,105.403,9490,8000,0.408,2.85,172.2,0.0297,281,48151,470,0,2,0.02264,0.31272,0.12496,-0.01418,-0.1232,0,,
2025-09-26,210,11630.74,55.38,0.087,162,15,0.0714,14211.74,1407828,18253,1983,121267.38,8.533,8772,6365,0.444,3.04,186.9,0.0275,241,48306,399,0,4,0.01282,0.16583,0.10976,-0.01675,-0.11293,0,,
2025-09-27,206,11362.42,55.16,0.082,126,15,0.0728,12438.95,1033404,42923,1956,294230.97,23.654,8518,6873,0.391,3.33,119.6,0.0267,227,48426,270,0,1,0.00525,0.11521,0.0837,-0.01931,-0.10491,0,,
2025-09-28,205,11429.72,55.75,0.078,169,15,0.0732,11530.16,1604180,43248,3687,318405.83,27.615,8363,7190,0.449,3.08,160.6,0.0262,219,48419,463,0,0,0.02516,0.08069,0.13066,-0.02187,-0.10534,0,,
2025-09-29,201,11059.04,55.02,0.075,124,14,0.0697,11466.44,950910,15323,1619,271515.19,23.679,8177,6993,0.372,3.73,215.4,0.0257,210,49876,423,0,2,0.00067,0.0471,0.13491,-0.02442,-0.00825,0,,
2025-09-30,196,10903.84,55.63,0.07,118,14,0.0714,11139.31,1118716,42285,2381,101313.43,9.095,7962,6991,0.415,3.1,174.6,0.0239,190,49481,367,0,1,0.02106,-0.07225,0.12317,-0.02696,-0.03457,0,,
2025-10-01,199,10848.27,54.51,0.073,162,15,0.0754,11976.55,1348028,67268,5276,314908.19,26.294,8053,6140,0.394,3.08,202.6,0.0254,204,49258,298,0,1,-0.0162,0.02606,0.08858,-0.0295,-0.04946,0,,
2025-10-02,193,10429.69,54.04,0.07,159,14,0.0725,13017.97,1159885,45171,4385,597978.64,45.935,7910,6426,0.436,3.43,144.9,0.0243,192,49801,258,0,4,-0.03201,-0.04664,0.06584,-0.03203,-0.01325,0,,
2025-10-03,197,10884.36,55.25,0.07,139,15,0.0761,13153.42,1625582,61500,4853,463720.55,35.255,7937,6065,0.41,3.17,160.7,0.0245,194,50246,384,0,4,0.00835,-0.03501,0.07961,-0.03455,0.0164,0,,
2025-10-04,190,10740.43,56.53,0.07,142,14,0.0737,13158.21,1911419,52867,2058,132828.4,10.095,7966,6286,0.389,3.57,197.5,0.022,175,50334,374,0,2,0.05095,-0.19981,0.12561,-0.03705,0.02232,0,,
2025-10-05,185,10205.73,55.17,0.07,136,14,0.0757,12287.33,2108845,49204,2867,511763.6,41.65,7925,6938,0.421,3.92,144.2,0.0218,172,51774,272,0,4,0.00554,-0.21532,0.0764,-0.03955,0.11828,0,,
2025-10-06,188,10559.49,56.17,0.07,135,14,0.0745,12826.0,1163587,51143,1675,137336.62,10.708,7947,6985,0.401,3.58,177.0,0.0218,173,52064,321,0,0,0.03892,-0.21185,0.04507,-0.04203,0.13764,0,,
2025-10-07,182,9989.15,54.89,0.07,112,14,0.0769,12355.93,1330822,54699,5784,365394.27,29.572,7907,6119,0.426,3.11,218.0,0.0212,167,51607,404,0,4,-0.00382,-0.25618,0.03754,-0.04451,0.10719,0,,
2025-10-08,189,10540.25,55.77,0.07,145,14,0.0741,12737.49,1804692,34538,1179,139030.73,10.915,7926,6354,0.414,2.86,167.6,0.0223,176,50556,465,0,3,0.02562,-0.17908,0.01682,-0.04697,0.03708,0,,
2025-10-09,194,10372.58,53.47,0.071,144,15,0.0773,11962.79,1443564,62593,3892,484100.01,40.467,7886,6388,0.391,3.53,162.4,0.0251,197,51579,317,0,4,-0.0511,0.00546,-0.0338,-0.04941,0.10531,0,,
2025-10-10,187,9756.23,52.17,0.07,145,15,0.0802,12682.3,2083081,94905,6228,916284.43,72.249,7820,6182,0.428,3.06,186.4,0.0242,189,50834,225,0,4,-0.09426,-0.05638,-0.03153,-0.05184,0.05563,0,,
2025-10-11,182,9399.65,51.65,0.07,148,14,0.0769,13437.35,2436188,106379,4244,352203.16,26.211,7802,6361,0.442,2.89,207.2,0.0233,181,51079,265,0,7,-0.11179,-0.1113,-0.00742,-0.05426,0.07199,0,,
2025-10-12,189,9742.43,51.55,0.072,137,15,0.0794,11488.43,1507458,46451,1300,148223.45,12.902,7902,6513,0.35,2.85,204.2,0.0253,199,50480,313,0,3,-0.11509,0.02245,-0.05436,-0.05666,0.03203,0,,
2025-10-13,196,10458.39,53.36,0.076,132,16,0.0816,11518.56,993505,27961,2495,379310.17,32.93,8124,6084,0.452,3.18,147.4,0.0259,210,52298,265,0,4,-0.05469,0.05955,-0.04532,-0.05904,0.15321,0,,
2025-10-14,198,10789.65,54.49,0.073,163,15,0.0758,11966.33,1176550,26354,2528,448913.75,37.515,8014,5916,0.386,3.3,163.7,0.0255,204,52668,410,0,3,-0.01689,0.03147,-0.01411,-0.0614,0.17791,0,,
2025-10-15,197,11110.59,56.4,0.07,125,15,0.0761,13371.02,1179256,39629,3782,158458.86,11.851,7909,5976,0.422,3.25,191.1,0.0241,190,50780,402,0,0,0.04663,-0.06125,0.01601,-0.06375,0.05205,0,,
2025-10-16,204,11792.2,57.8,0.07,140,16,0.0784,11959.69,2318176,27334,1995,264238.01,22.094,7942,6606,0.426,3.22,184.0,0.0249,197,50940,330,0,3,0.0935,-0.00384,0.00261,-0.06608,0.06271,0,,
2025-10-17,204,11705.79,57.38,0.071,159,15,0.0735,12344.33,1491736,24855,1217,197412.66,15.992,7981,6269,0.403,3.64,194.0,0.0252,201,49595,423,0,8,0.07938,0.01147,0.07162,-0.06839,-0.02696,0,,
2025-10-18,209,11910.97,56.99,0.082,127,16,0.0766,12910.26,2252383,51816,5100,738318.17,57.188,8482,7050,0.395,2.84,204.9,0.0268,227,49139,317,0,1,0.06634,0.119,0.08469,-0.07067,-0.05736,0,,
2025-10-19,208,12108.38,58.21,0.075,154,16,0.0769,12435.75,1393211,61920,4490,842761.85,67.769,8161,6705,0.421,3.32,198.4,0.0257,209,49956,421,0,3,0.10711,0.04613,0.05613,-0.07294,-0.00293,0,,
2025-10-20,207,12040.24,58.17,0.073,130,15,0.0725,11860.19,1472182,67273,2953,269123.93,22.691,8075,6102,0.438,2.73,167.3,0.0254,205,48805,504,1,2,0.10551,0.02937,0.08285,-0.07519,-0.07965,0,,
2025-10-21,204,11807.94,57.88,0.07,124,15,0.0735,12598.64,2048848,20764,1475,147942.39,11.743,7945,6727,0.4,3.06,154.8,0.0251,199,49235,401,0,3,0.09607,0.00488,0.04503,-0.07741,-0.05096,0,,
2025-10-22,199,11182.47,56.19,0.07,143,15,0.0754,11447.37,1738436,72887,1698,112413.77,9.82,7872,6099,0.423,3.19,154.8,0.0248,195,49254,264,0,4,0.03978,-0.01079,0.06964,-0.07961,-0.04971,0,,
2025-10-23,203,11374.05,56.03,0.076,152,16,0.0788,13694.96,2494665,116752,5475,1082228.96,79.024,8172,6951,0.421,3.34,219.8,0.026,212,50006,360,0,5,0.03433,0.06432,0.02829,-0.08179,0.00046,0,,
2025-10-24,197,10371.99,52.65,0.082,147,15,0.0761,12081.2,1887743,85859,7239,1326910.35,109.833,8330,7329,0.375,2.85,163.0,0.0268,223,49133,352,0,2,-0.07834,0.11686,0.05059,-0.08394,-0.05779,0,,
2025-10-25,192,10017.19,52.17,0.076,135,15,0.0781,12730.24,1687878,74599,4797,255455.29,20.067,8042,7066,0.409,3.11,176.2,0.0259,208,49779,262,0,2,-0.09424,0.06034,0.03056,-0.08607,-0.01472,0,,
2025-10-26,188,9603.38,51.08,0.075,124,14,0.0745,11609.94,1932738,42198,3030,282271.68,24.313,7948,6707,0.461,3.33,198.6,0.0257,204,49475,250,0,4,-0.13061,0.04785,0.063,-0.08817,-0.03495,0,,
2025-10-27,190,9885.78,52.03,0.073,135,14,0.0737,11707.55,1187701,26160,806,56567.99,4.832,7869,6846,0.436,3.04,175.3,0.0254,199,50444,439,0,1,-0.09899,0.0269,0.08207,-0.09024,0.02962,0,,
2025-10-28,192,9896.66,51.55,0.079,134,14,0.0729,13651.15,2103126,64613,3577,186035.95,13.628,8138,7149,0.386,3.15,125.2,0.0263,214,50418,457,0,2,-0.11516,0.08645,0.09138,-0.09229,0.02788,0,,
2025-10-29,190,9738.24,51.25,0.077,116,14,0.0737,13970.28,2650535,88506,3698,311683.84,22.31,8025,6355,0.44,3.18,183.3,0.026,208,50941,379,0,3,-0.12487,0.06547,0.08857,-0.09431,0.06274,0,,
2025-10-30,189,10013.75,52.98,0.07,128,14,0.0741,13204.79,1857436,58088,5358,709735.95,53.748,7753,5668,0.45,2.93,167.1,0.0247,191,52009,256,0,2,-0.06724,-0.01933,0.11675,-0.09631,0.13397,0,,
2025-10-31,184,9528.34,51.78,0.07,114,14,0.0761,12149.59,2317487,74880,4179,774757.29,63.768,7717,6036,0.424,3.53,203.4,0.0244,188,52729,388,0,2,-0.10719,-0.04157,0.05682,-0.09827,0.18194,0,,
2025-11-01,186,9720.53,52.26,0.07,141,14,0.0753,12804.93,1266770,31178,758,97825.45,7.64,7726,6792,0.445,3.54,176.7,0.0244,188,52360,318,0,2,-0.0913,-0.04076,0.06695,-0.10021,0.15735,0,,
2025-11-02,184,9212.65,50.07,0.073,138,14,0.0761,12469.95,1353792,29391,1740,207553.01,16.644,7796,6099,0.417,2.82,205.6,0.0254,198,52690,366,0,5,-0.16437,0.02752,0.07601,-0.10212,0.17934,0,,
2025-11-03,190,9561.63,50.32,0.081,128,14,0.0737,11746.53,1580577,42955,4013,267822.45,22.8,8214,6744,0.404,3.09,143.1,0.0267,219,52350,245,0,5,-0.15585,0.11408,0.08907,-0.10399,0.15673,0,,
2025-11-04,196,9987.56,50.96,0.089,150,14,0.0714,12362.67,2281574,69906,2631,243069.27,19.662,8607,7299,0.383,3.2,162.2,0.0279,240,52430,426,0,2,-0.13477,0.19302,0.1094,-0.10584,0.16205,0,,
2025-11-05,199,10369.91,52.11,0.09,139,14,0.0704,14261.66,1478127,46820,1107,203271.77,14.253,8663,7373,0.399,3.65,217.5,0.028,242,53566,457,0,1,-0.09633,0.19921,0.21501,-0.10765,0.23777,0,,
2025-11-06,193,9865.85,51.12,0.084,146,13,0.0674,12314.42,2048022,26247,737,84465.12,6.859,8364,7352,0.42,2.88,177.6,0.0271,226,52355,442,0,3,-0.12939,0.14303,0.20776,-0.10943,0.15706,0,,
2025-11-07,196,10117.21,51.62,0.087,132,13,0.0663,14167.88,2715223,95695,7881,807018.96,56.961,8500,6136,0.429,3.04,140.7,0.0275,233,50999,401,0,2,-0.11272,0.16942,0.22151,-0.11118,0.06663,0,,
2025-11-08,196,10211.92,52.1,0.084,124,13,0.0663,12514.09,1807309,72877,7672,1229260.44,98.23,8364,6862,0.386,3.23,182.3,0.0271,226,51286,340,0,2,-0.09661,0.13911,0.215,-0.1129,0.08575,0,,
2025-11-09,192,10015.78,52.17,0.078,147,13,0.0677,13733.89,1918506,24572,1544,146550.7,10.671,8086,7096,0.402,3.41,181.1,0.0262,211,50608,407,0,1,-0.09448,0.08143,0.25143,-0.11458,0.04059,0,,
2025-11-10,194,10171.53,52.43,0.079,141,14,0.0722,13842.96,2120001,63617,7163,483896.19,34.956,8147,5963,0.431,3.28,173.6,0.0264,215,51610,294,0,6,-0.08565,0.09354,0.17824,-0.11623,0.10737,0,,
2025-11-11,196,10400.52,53.06,0.081,138,13,0.0663,11912.97,1133232,45795,1028,49723.13,4.174,8251,7134,0.447,3.18,161.7,0.0267,220,52158,429,0,2,-0.06454,0.1122,0.22026,-0.11785,0.14387,0,,
2025-11-12,201,10773.49,53.6,0.086,146,14,0.0697,12415.36,1062555,16713,1787,121844.14,9.814,8498,6497,0.408,2.84,194.4,0.0274,232,52435,487,0,4,-0.04669,0.16143,0.18874,-0.11943,0.16233,0,,
2025-11-13,193,10122.12,52.45,0.078,142,14,0.0725,13497.41,2602011,61325,5479,847208.67,62.768,8083,6105,0.417,3.25,173.2,0.0262,211,52104,482,0,1,-0.08513,0.08195,0.11143,-0.12097,0.14029,0,,
2025-11-14,182,9297.98,51.09,0.07,116,14,0.0769,12187.45,2259850,63160,5485,549815.65,45.113,7650,5899,0.454,3.27,193.3,0.0243,185,51416,434,0,5,-0.13041,-0.0434,0.07352,-0.12248,0.09441,0,,
2025-11-15,192,10408.77,54.21,0.07,156,14,0.0729,12208.78,1583835,22409,1260,130444.94,10.685,7731,5789,0.437,3.28,186.5,0.0249,192,50438,370,0,1,-0.02625,-0.00412,0.0646,-0.12395,0.02927,0,,
2025-11-16,194,10968.71,56.54,0.07,140,14,0.0722,11298.53,1602451,62573,5133,573473.25,50.756,7790,6787,0.334,3.24,200.2,0.0239,186,49872,338,0,4,0.05132,-0.0717,0.0672,-0.12539,-0.00849,0,,
2025-11-17,194,10635.76,54.82,0.07,146,15,0.0773,11626.72,1527803,72630,3183,596664.07,51.318,7764,6825,0.402,3.33,195.5,0.0251,194,49837,389,0,2,-0.00588,0.00478,0.06246,-0.12679,-0.01084,0,,
2025-11-18,191,10575.49,55.37,0.07,121,14,0.0733,11099.92,1130346,19883,551,98540.06,8.878,7753,6549,0.426,3.04,171.0,0.0239,185,48982,421,0,4,0.0123,-0.07328,0.08385,-0.12815,-0.06784,0,,
2025-11-19,191,10717.19,56.11,0.07,139,14,0.0733,12948.9,1120594,14428,831,62952.78,4.862,7770,6060,0.436,3.6,157.6,0.0234,181,49990,425,0,4,0.03703,-0.10726,0.0786,-0.12947,-0.00067,0,,
2025-11-20,186,10598.13,56.98,0.07,154,14,0.0753,13404.68,2086066,101462,11276,455756.72,34.0,7791,6404,0.425,3.1,186.2,0.0216,168,50533,340,0,1,0.06597,-0.22381,0.07277,-0.13076,0.03556,0,,
2025-11-21,196,11189.31,57.09,0.07,149,15,0.0765,13257.65,2648011,73991,3404,600794.34,45.317,7791,5750,0.381,3.55,180.9,0.0241,187,49279,259,0,5,0.06961,-0.05887,0.00483,-0.132,-0.04802,0,,
2025-11-22,191,10679.46,55.91,0.07,137,15,0.0785,11470.97,1835831,62838,6347,710385.97,61.929,7757,5930,0.407,3.06,158.8,0.0237,183,46940,360,1,3,0.03045,-0.08594,0.01921,-0.13321,-0.20397,0,,
2025-11-23,191,10632.42,55.67,0.07,120,14,0.0733,11264.71,2040753,83966,4097,240157.74,21.319,7749,5885,0.452,2.63,151.2,0.0237,183,48264,282,0,7,0.02224,-0.08406,0.04855,-0.13438,-0.11573,0,,
2025-11-24,187,10295.8,55.06,0.07,116,14,0.0749,13062.82,1961077,70875,2694,296335.73,22.685,7730,6654,0.38,3.2,180.9,0.0233,180,47367,342,2,2,0.00192,-0.11346,0.03351,-0.1355,-0.1755,0,,
2025-11-25,187,10325.63,55.22,0.07,115,15,0.0802,11667.08,2173663,71897,1772,270550.39,23.189,7732,6193,0.41,2.89,181.9,0.0232,179,45088,274,1,3,0.00724,-0.11993,-0.02448,-0.13659,-0.32744,0,,
2025-11-26,191,10483.74,54.89,0.07,124,15,0.0785,12055.92,1762268,83787,3684,539977.11,44.789,7721,5747,0.447,3.24,181.7,0.0242,186,44178,269,1,4,-0.00371,-0.05098,-0.06335,-0.13764,-0.38808,0,,
2025-11-27,191,10454.2,54.73,0.07,140,15,0.0785,13171.71,2103544,48194,3626,193188.13,14.667,7715,6228,0.396,3.17,168.8,0.0244,188,45041,278,0,3,-0.00887,-0.03972,-0.00998,-0.13864,-0.33056,0,,
2025-11-28,290,61672.61,212.66,0.07,210,23,0.0793,13374.1,1726956,22968,1152,157758.36,11.796,7746,5894,0.415,3.62,144.2,0.0244,189,46824,702,0,4,0.03214,-0.03777,-0.02767,-0.13961,-0.21173,1,black_friday_spike,revenue
2025-11-29,203,11654.64,57.41,0.075,168,16,0.0788,12920.91,1420336,48712,2931,315305.19,24.403,8014,7025,0.407,3.79,169.3,0.0257,205,48014,290,1,1,0.0804,0.0481,-0.04622,-0.14053,-0.13237,0,,
2025-11-30,193,10793.01,55.92,0.07,140,15,0.0777,12965.8,2033487,91202,8965,883415.09,68.134,7741,6356,0.473,2.85,184.6,0.0242,187,49549,394,0,4,0.03074,-0.05264,-0.06849,-0.14141,-0.03004,0,,
2025-12-01,252,32076.65,127.29,0.073,204,20,0.0794,12946.99,1339427,20171,1820,118943.99,9.187,7871,6667,0.429,3.78,185.4,0.0255,200,51178,624,0,3,0.01142,0.03057,-0.04464,-0.14225,0.07857,1,cyber_monday_halo,revenue
2025-12-02,200,10876.7,54.38,0.084,156,16,0.08,14338.49,1902959,26437,2290,95089.24,6.632,8359,7071,0.4,2.77,155.7,0.0271,226,52692,374,0,3,-0.02055,0.13789,-0.06004,-0.14305,0.17951,0,,
2025-12-03,198,11062.35,55.87,0.073,128,16,0.0808,12276.11,1178749,47658,1446,211755.04,17.249,7858,5994,0.436,2.83,174.6,0.0254,199,51510,481,0,3,0.02901,0.02563,-0.08311,-0.14381,0.10069,0,,
2025-12-04,198,11043.07,55.77,0.074,122,16,0.0808,13045.42,1695825,77441,3670,689138.7,52.826,7927,5886,0.402,3.08,192.8,0.0256,202,51153,261,0,2,0.02577,0.04078,-0.12415,-0.14452,0.07688,0,,
2025-12-05,197,11325.27,57.49,0.07,125,16,0.0812,11363.53,1540826,61303,3043,192727.93,16.96,7775,6395,0.46,3.44,150.0,0.0242,188,50455,311,0,6,0.08296,-0.05468,-0.12118,-0.14519,0.03039,0,,
2025-12-06,187,10629.25,56.84,0.07,119,15,0.0802,11919.1,1316580,48091,2072,300519.51,25.213,7757,6222,0.41,3.28,185.2,0.022,170,50449,402,0,1,0.06136,-0.1983,-0.08509,-0.14582,0.02997,0,,
2025-12-07,184,10454.31,56.82,0.07,111,15,0.0815,13463.9,1232878,18487,1979,289252.3,21.484,7755,6124,0.439,3.06,170.5,0.0214,165,50082,279,0,3,0.06056,-0.23917,-0.08527,-0.1464,0.00548,0,,
2025-12-08,183,10091.34,55.14,0.07,136,15,0.082,13145.81,1176207,51794,2813,295354.47,22.468,7709,5969,0.448,3.19,162.2,0.0223,171,50308,254,0,4,0.0048,-0.17988,-0.05454,-0.14694,0.02054,0,,
2025-12-09,192,10886.92,56.7,0.07,149,15,0.0781,12196.35,1163395,16636,874,119265.37,9.779,7750,5747,0.397,3.18,198.5,0.0233,180,51904,237,0,1,0.05676,-0.11019,-0.04655,-0.14744,0.12699,0,,
2025-12-10,189,10624.91,56.22,0.07,135,15,0.0794,12956.86,1192373,46990,3684,444794.53,34.329,7736,6311,0.406,3.37,186.4,0.0231,178,51044,418,0,1,0.04055,-0.12623,-0.03979,-0.14789,0.06963,0,,
2025-12-11,181,9846.0,54.4,0.07,117,14,0.0773,12624.07,2334485,27923,2118,300510.32,23.805,7687,6681,0.414,2.75,174.1,0.0224,172,51581,366,0,2,-0.02007,-0.17553,-0.03243,-0.1483,0.10542,0,,
2025-12-12,179,9613.18,53.7,0.07,119,14,0.0782,11578.65,1441507,69368,7253,630633.37,54.465,7668,6171,0.426,3.11,183.8,0.0222,170,50525,367,0,2,-0.04317,-0.18999,-0.02978,-0.14867,0.03502,0,,
2025-12-13,169,8615.26,50.98,0.07,123,13,0.0769,11191.7,1105870,23051,755,143038.83,12.781,7594,5817,0.43,2.25,209.5,0.0217,164,49308,293,0,3,-0.13407,-0.22248,0.0025,-0.14899,-0.04607,0,,
2025-12-14,168,8578.14,51.06,0.07,126,13,0.0774,12818.27,2520456,39900,1780,336759.83,26.272,7596,6235,0.445,2.94,167.5,0.0213,161,50296,325,0,3,-0.13132,-0.24568,0.01701,-0.14927,0.01979,0,,
2025-12-15,160,8210.16,51.31,0.07,123,12,0.075,11444.85,1151684,53047,1686,74007.45,6.466,7602,6416,0.487,3.06,187.3,0.0191,145,50139,229,0,5,-0.12288,-0.39109,-0.00118,-0.1495,0.00927,0,,
2025-12-16,163,8438.48,51.77,0.07,107,13,0.0798,13266.29,1782374,68282,7013,592106.64,44.632,7614,5627,0.433,2.9,172.4,0.0195,148,50186,269,0,4,-0.10767,-0.36998,0.00273,-0.14969,0.0124,0,,
2025-12-17,169,9069.29,53.66,0.07,102,13,0.0769,12318.57,1407918,30400,3426,220891.43,17.932,7664,6663,0.435,3.66,164.7,0.0199,152,51457,342,0,2,-0.04452,-0.34257,0.00032,-0.14983,0.09715,0,,
2025-12-18,180,9601.8,53.34,0.07,136,14,0.0778,11218.99,1001170,33925,2549,335663.0,29.919,7655,6091,0.401,3.81,186.1,0.0226,173,50095,291,0,5,-0.05522,-0.15694,0.01485,-0.14993,0.00638,0,,
2025-12-19,186,10111.33,54.36,0.07,124,14,0.0753,12339.13,1375683,60176,3543,214908.53,17.417,7683,5826,0.416,3.36,190.8,0.0236,181,50152,287,0,6,-0.02127,-0.09522,0.01952,-0.14999,0.01019,0,,
2025-12-20,187,10239.34,54.76,0.07,114,14,0.0749,11978.97,1047353,27022,2780,486742.04,40.633,7693,5580,0.439,3.06,168.2,0.0235,180,51444,277,0,5,-0.00814,-0.09691,0.03098,-0.15,0.09631,0,,
2025-12-21,187,10197.33,54.53,0.07,141,15,0.0802,11606.69,1588915,42835,2527,178044.78,15.34,7687,6521,0.425,3.16,159.5,0.0237,182,50352,428,0,4,-0.01563,-0.08351,-0.01489,-0.14997,0.0235,0,,
2025-12-22,182,9473.66,52.05,0.07,143,14,0.0769,12053.31,1619480,55406,6575,537241.79,44.572,7621,5769,0.402,2.78,162.9,0.0242,184,50543,310,0,2,-0.09823,-0.05357,-0.00276,-0.14989,0.03623,0,,
2025-12-23,183,9749.96,53.28,0.07,112,14,0.0765,11973.67,1637356,32392,1780,72982.86,6.095,7654,5940,0.484,3.16,177.9,0.0235,179,51309,385,0,3,-0.05738,-0.09878,0.03679,-0.14977,0.08727,0,,
2025-12-24,173,9121.48,52.73,0.07,134,13,0.0751,13435.21,2330255,81484,6606,1297860.33,96.601,7640,5590,0.422,2.89,175.3,0.0215,164,51984,293,0,0,-0.07582,-0.23615,-0.00556,-0.1496,0.13229,0,,
2025-12-25,172,9084.2,52.82,0.07,127,13,0.0756,12057.05,1762630,39095,4462,600654.59,49.818,7642,6677,0.455,3.18,182.7,0.021,160,52351,391,0,3,-0.07283,-0.26513,0.04275,-0.14939,0.15674,0,,
2025-12-26,168,8627.83,51.36,0.07,111,13,0.0774,11110.47,2044652,60660,5954,926816.82,83.418,7604,6683,0.418,3.36,164.5,0.0212,161,52944,338,0,3,-0.12146,-0.25599,0.04952,-0.14913,0.19627,0,,
2025-12-27,172,8910.47,51.81,0.07,132,13,0.0756,12281.31,2103992,53873,3963,195180.04,15.892,7617,5697,0.445,3.12,185.5,0.0216,164,53026,243,0,4,-0.1065,-0.22384,0.04082,-0.14883,0.20178,0,,
2025-12-28,170,8845.19,52.03,0.07,119,13,0.0765,11310.0,976090,12280,374,64969.84,5.744,7623,6151,0.455,2.98,178.6,0.0212,161,53370,244,0,3,-0.09898,-0.25323,-0.01536,-0.14849,0.22469,0,,
2025-12-29,168,8762.02,52.15,0.07,128,13,0.0774,13035.75,1582893,48408,1531,289221.51,22.187,7627,5625,0.454,2.93,191.0,0.0206,157,53314,354,0,3,-0.09484,-0.29411,0.01804,-0.1481,0.22094,0,,
2025-12-30,169,8801.27,52.08,0.07,142,13,0.0769,11442.03,1616255,32216,3020,496114.05,43.359,7626,5975,0.457,3.25,200.4,0.0207,157,52116,293,0,0,-0.09738,-0.28484,-0.01195,-0.14767,0.14109,0,,
2025-12-31,174,9295.99,53.43,0.07,113,14,0.0805,13105.95,1289436,27608,2288,158967.61,12.129,7663,5889,0.369,2.71,218.1,0.0212,162,51968,245,0,2,-0.05249,-0.25425,-0.02669,-0.1472,0.13122,0,,
